position: 67.0116 1140.734 -0.3259484
orientation: 0.03359985 0.9217691 -29.21024
enu_velocity: 24.80702 -13.78269 -0.01396937
velocity: 28.37516 0.07645798 0.4425203
angularVelocity: 0.005188245 -0.006342149 0.01602434
acceleration: 1.013767 0.2168516 0.03932289
accel: 0.2196583
brake: 0
steer: 0.0182
linkid: A219BS010398
trafficlightid: null
turn_signal_lamp: 1