position: 69.12119 1139.566 -0.3279941
orientation: 0.1007996 0.8766047 -28.60638
enu_velocity: 25.87467 -13.82398 -0.01333965
velocity: 29.33169 0.2528181 0.435014
angularVelocity: 8.754199E-05 0.006161711 0.04987026
acceleration: 0.04997832 0.5171376 -0.02224161
accel: 0.0007570956
brake: 0
steer: 0.0327
linkid: A219BS010398
trafficlightid: null
turn_signal_lamp: 1