position: 79.96708 1135.738 -0.3203141
orientation: -0.07719944 0.9291021 -3.088867
enu_velocity: 19.02486 0.9373131 -0.01633782
velocity: 18.94448 1.96071 0.2935308
angularVelocity: 0.005688631 0.01008352 0.3538265
acceleration: 0.5572903 1.833946 0.1749783
accel: 0.2034581
brake: 0
steer: 0.3345
linkid: A219BS010663
trafficlightid: null
turn_signal_lamp: 1