position: 1.319851 1077.268 -0.2639103
orientation: 1.876648 0.9898216 60.81059
enu_velocity: 19.53263 34.90299 -0.003971498
velocity: 39.99088 -0.007585526 0.6875818
angularVelocity: 0.003438672 -0.005872932 0.009915023
acceleration: -0.2790494 0.1066823 0.0774916
accel: 0.03848933
brake: 0
steer: 0.0051
linkid: A219BS010380
trafficlightid: null
turn_signal_lamp: 0