position: 84.41324 1136.195 -0.3201592
orientation: -0.003156067 1.235361 14.27733
enu_velocity: 18.62502 6.822983 -0.04705859
velocity: 19.72884 2.019002 0.3784835
angularVelocity: -0.003797841 0.01034658 0.3625447
acceleration: -0.5695407 1.850443 -0.08703093
accel: 0.009336525
brake: 0
steer: 0.3343
linkid: A219BS010663
trafficlightid: null
turn_signal_lamp: 1