position: 85.9445 1136.678 -0.3232741
orientation: -0.08381524 1.346515 20.33661
enu_velocity: 16.91435 8.329777 -0.07822483
velocity: 18.75158 1.931694 0.3653442
angularVelocity: -0.01466893 0.004775317 0.3424507
acceleration: -1.241163 1.490096 -0.04390271
accel: 0
brake: 0.03917843
steer: 0.3472
linkid: A219BS010663
trafficlightid: null
turn_signal_lamp: 1