position: 93.35238 1142.249 -0.353244
orientation: 0.08731079 1.092419 51.87477
enu_velocity: 10.37271 15.32872 -0.1920392
velocity: 18.46279 1.30409 0.1579983
angularVelocity: 0.0269439 0.03087121 0.2402484
acceleration: 1.268034 1.236183 0.07599482
accel: 0.2805523
brake: 0
steer: 0.2195
linkid: A219BS010395
trafficlightid: C119BS010046
turn_signal_lamp: 1