position: 93.98447 1143.095 -0.353556
orientation: 0.5119324 1.380948 54.45369
enu_velocity: 10.41259 16.52447 -0.03582732
velocity: 19.49374 1.138348 0.4239389
angularVelocity: 0.07589982 0.01991962 0.2077712
acceleration: 1.400915 0.8234592 1.714817
accel: 0.2888635
brake: 0
steer: 0.1757
linkid: A219BS010395
trafficlightid: C119BS010046
turn_signal_lamp: 1