position: 96.07493 1146.382 -0.3781804
orientation: 1.418396 0.5931613 59.82129
enu_velocity: 11.12573 20.01623 0.13721
velocity: 22.89351 0.4534893 0.3631195
angularVelocity: 0.003020421 -0.0071595 0.08808885
acceleration: 1.358916 0.2775731 0.2078357
accel: 0.2925466
brake: 0
steer: 0.0661
linkid: A219BS010395
trafficlightid: C119BS010046
turn_signal_lamp: 1