position: 96.85245 1147.743 -0.3701099
orientation: 1.51474 0.468493 60.79391
enu_velocity: 11.52544 21.13897 0.1472384
velocity: 24.07343 0.2635994 0.3372398
angularVelocity: 0.005367336 -0.0001504743 0.05540103
acceleration: 1.363013 0.1565474 -0.200986
accel: 0.2810293
brake: 0
steer: 0.04
linkid: A219BS010395
trafficlightid: C119BS010046
turn_signal_lamp: 1