position: 100.7434 1154.871 -0.3551588
orientation: 1.083557 1.347637 61.84299
enu_velocity: -0.04487081 -0.0814136 0.0727349
velocity: -0.09463795 0.002476029 0.07049444
angularVelocity: -0.001851425 -0.07395674 6.958362E-05
acceleration: 0.005286904 0.002351304 0.2402527
accel: 0
brake: 1
steer: 0.0052
linkid: A219BS010395
trafficlightid: C119BS010046
turn_signal_lamp: 1