position: 100.7423 1154.869 -0.3603135
orientation: 1.077057 1.069369 61.83778
enu_velocity: -0.03183497 -0.06045964 0.1168465
velocity: -0.07049605 0.001703206 0.1155394
angularVelocity: -0.0009068958 -0.04831371 -2.736253E-05
acceleration: 0.1187766 -0.005129948 0.07253087
accel: 0
brake: 1
steer: 0.0055
linkid: A219BS010395
trafficlightid: C119BS010046
turn_signal_lamp: 1