position: 100.742 1154.869 -0.3613728
orientation: 1.075806 0.980228 61.836
enu_velocity: -0.02256036 -0.04486736 0.1176715
velocity: -0.0522092 0.0009050444 0.116799
angularVelocity: -0.0003144629 -0.03336746 -6.293504E-05
acceleration: 0.1269799 -0.005557824 -0.03018038
accel: 0
brake: 1
steer: 0.0055
linkid: A219BS010395
trafficlightid: C119BS010046
turn_signal_lamp: 1