position: 100.7416 1154.868 -0.3601201
orientation: 1.079681 0.9104854 61.83327
enu_velocity: 0.004213937 0.007454542 -0.0265278
velocity: 0.008981355 -0.0006932749 -0.02638004
angularVelocity: 0.0002627792 0.00783145 -0.0001280714
acceleration: 0.02369729 0.001068164 -0.183401
accel: 0
brake: 1
steer: 0.0057
linkid: A219BS010395
trafficlightid: C119BS010046
turn_signal_lamp: 1