position: 100.7418 1154.868 -0.3601819
orientation: 1.08017 0.949406 61.83345
enu_velocity: 0.004266771 0.009781852 -0.06265
velocity: 0.01167417 -0.000321819 -0.06247017
angularVelocity: 4.736707E-06 0.008425443 -0.000112724
acceleration: 6.183458E-05 0.001286839 -0.07569709
accel: 0
brake: 1
steer: 0.0059
linkid: A219BS010395
trafficlightid: C119BS010046
turn_signal_lamp: 1