position: 100.7418 1154.868 -0.3604386
orientation: 1.080048 0.9676095 61.83354
enu_velocity: 0.003680354 0.009300856 -0.0682157
velocity: 0.01108726 -0.0001368872 -0.06804768
angularVelocity: -7.469254E-05 0.007590322 -0.0001102736
acceleration: -0.00659717 0.001286069 -0.01749029
accel: 0
brake: 1
steer: 0.006
linkid: A219BS010395
trafficlightid: C119BS010046
turn_signal_lamp: 1