position: 100.7419 1154.868 -0.3616869
orientation: 1.078552 1.015283 61.83298
enu_velocity: -5.304669E-05 -7.002777E-05 0.01004963
velocity: -0.000264832 0.0002028137 0.01004448
angularVelocity: -3.512279E-05 -0.0005411481 -9.091498E-05
acceleration: -0.009970702 -0.0001965961 0.08863187
accel: 0
brake: 1
steer: 0.0061
linkid: A219BS010395
trafficlightid: C119BS010046
turn_signal_lamp: 1