position: 100.7419 1154.868 -0.3613774
orientation: 1.078491 1.009213 61.83244
enu_velocity: -0.0005517406 -0.001861459 0.0277019
velocity: -0.002389082 0.0001284603 0.02766659
angularVelocity: 6.379443E-06 -0.001800416 -9.095731E-05
acceleration: -0.005224183 -0.0002482827 0.03784636
accel: 0
brake: 1
steer: 0.0062
linkid: A219BS010395
trafficlightid: C119BS010046
turn_signal_lamp: 1