position: 100.7419 1154.868 -0.3612736
orientation: 1.078491 1.007009 61.83229
enu_velocity: -0.0006265114 -0.002127029 0.02970499
velocity: -0.002692594 0.0001066313 0.0296655
angularVelocity: 1.425552E-05 -0.001964186 -9.087439E-05
acceleration: -0.00386656 -0.0002366834 0.02420194
accel: 0
brake: 1
steer: 0.0062
linkid: A219BS010395
trafficlightid: C119BS010046
turn_signal_lamp: 1