position: 100.7419 1154.868 -0.3604994
orientation: 1.078949 0.9838289 61.8317
enu_velocity: -0.0001149741 -0.0001459173 -0.002906326
velocity: -0.0001329815 -2.230778E-05 -0.002909133
angularVelocity: 1.341288E-05 -0.0001403037 1.792711E-08
acceleration: 0.004405707 8.698419E-05 -0.04077608
accel: 0
brake: 1
steer: 0.0062
linkid: A219BS010395
trafficlightid: C119BS010046
turn_signal_lamp: 1