position: 100.7419 1154.868 -0.3605612
orientation: 1.078949 0.9840809 61.83171
enu_velocity: 2.837894E-05 0.000319263 -0.007947729
velocity: 0.0004313034 -2.386878E-05 -0.007942451
angularVelocity: 9.897791E-06 0.0002503114 -3.168196E-08
acceleration: 0.003540022 -9.72157E-05 -0.03137498
accel: 0
brake: 1
steer: 0.0062
linkid: A219BS010395
trafficlightid: C119BS010046
turn_signal_lamp: 1