position: 100.7419 1154.868 -0.360602
orientation: 1.078979 0.984515 61.83173
enu_velocity: 8.741527E-05 0.0005240734 -0.009858422
velocity: 0.0006725852 -1.514456E-05 -0.009849781
angularVelocity: 6.446207E-07 0.0004204592 -2.23125E-07
acceleration: 0.00325829 0.0001368372 -0.02492305
accel: 0
brake: 1
steer: 0.0062
linkid: A219BS010395
trafficlightid: C119BS010046
turn_signal_lamp: 1