position: 100.7419 1154.868 -0.3607443
orientation: 1.078949 0.9867218 61.83174
enu_velocity: 0.0002326685 0.0009318267 -0.01311919
velocity: 0.001157084 -1.197164E-05 -0.01310331
angularVelocity: -4.39171E-06 0.0007685954 -4.580199E-07
acceleration: 0.001575361 -1.796999E-05 -0.007625737
accel: 0
brake: 1
steer: 0.0062
linkid: A219BS010395
trafficlightid: C119BS010046
turn_signal_lamp: 1