position: 100.7419 1154.868 -0.3608864
orientation: 1.078918 0.9896546 61.8318
enu_velocity: 0.0002904103 0.00106181 -0.01283105
velocity: 0.001294603 3.96301E-06 -0.01281295
angularVelocity: -1.649483E-05 0.0008819519 -8.861964E-07
acceleration: -2.025106E-05 0.0001219331 0.00745789
accel: 0
brake: 1
steer: 0.0062
linkid: A219BS010395
trafficlightid: C119BS010046
turn_signal_lamp: 1