position: 100.7419 1154.868 -0.3609653
orientation: 1.078888 0.9916195 61.83185
enu_velocity: 0.0002990292 0.0009903486 -0.01106969
velocity: 0.00120564 -4.214846E-06 -0.01105236
angularVelocity: -7.184048E-06 0.000831831 -8.695729E-07
acceleration: -0.0009385881 -8.970753E-05 0.01488118
accel: 0
brake: 1
steer: 0.0062
linkid: A219BS010395
trafficlightid: C119BS010046
turn_signal_lamp: 1