position: 100.7419 1154.868 -0.3610244
orientation: 1.078888 0.9933584 61.83186
enu_velocity: 0.0002732397 0.0008339593 -0.008454559
velocity: 0.001010619 -6.111179E-06 -0.008439688
angularVelocity: -2.746354E-06 0.0007071538 -9.22101E-07
acceleration: -0.001666499 6.70091E-05 0.02020234
accel: 0
brake: 1
steer: 0.0062
linkid: A219BS010395
trafficlightid: C119BS010046
turn_signal_lamp: 1