position: 100.7419 1154.868 -0.3610456
orientation: 1.078888 0.9940948 61.83188
enu_velocity: 0.0002528529 0.0007273684 -0.00697833
velocity: 0.0008815404 -1.069291E-05 -0.006965117
angularVelocity: 2.807123E-06 0.0006216391 -8.749229E-07
acceleration: -0.001799536 -2.447361E-05 0.02091614
accel: 0
brake: 1
steer: 0.0062
linkid: A219BS010395
trafficlightid: C119BS010046
turn_signal_lamp: 1