position: 100.7419 1154.868 -0.361061
orientation: 1.078888 0.9947283 61.83189
enu_velocity: 0.0002198891 0.000618062 -0.00541871
velocity: 0.000742637 -3.903479E-06 -0.005407518
angularVelocity: -1.36788E-06 0.0005292693 -9.938706E-07
acceleration: -0.001948965 0.0002401099 0.02183952
accel: 0
brake: 1
steer: 0.0062
linkid: A219BS010395
trafficlightid: C119BS010046
turn_signal_lamp: 1