position: 100.7419 1154.868 -0.3610737
orientation: 1.078888 0.9959506 61.83191
enu_velocity: 0.0001209775 0.0002555961 -0.0008482623
velocity: 0.0002971351 -1.872671E-06 -0.0008433392
angularVelocity: 2.341621E-06 0.0002276974 -1.023866E-06
acceleration: -0.002127097 -6.352531E-05 0.01980813
accel: 0
brake: 1
steer: 0.0062
linkid: A219BS010395
trafficlightid: C119BS010046
turn_signal_lamp: 1