position: 100.7419 1154.868 -0.3610678
orientation: 1.078888 0.9961294 61.83192
enu_velocity: 8.158995E-05 0.0001436323 0.0005344842
velocity: 0.0001558199 5.993097E-06 0.0005372567
angularVelocity: -2.849054E-06 0.0001313501 -1.134381E-06
acceleration: -0.001952669 7.979726E-05 0.01876329
accel: 0
brake: 1
steer: 0.0062
linkid: A219BS010395
trafficlightid: C119BS010046
turn_signal_lamp: 1