position: 100.7419 1154.868 -0.3610578
orientation: 1.078888 0.9961982 61.83192
enu_velocity: 4.611884E-05 3.280099E-05 0.001781531
velocity: 1.970563E-05 8.387513E-06 0.001782301
angularVelocity: -3.406652E-06 3.74171E-05 -1.150676E-06
acceleration: -0.001856306 -1.803535E-06 0.01666006
accel: 0
brake: 1
steer: 0.0062
linkid: A219BS010395
trafficlightid: C119BS010046
turn_signal_lamp: 1