position: 100.7419 1154.868 -0.3610441
orientation: 1.078888 0.9961653 61.83192
enu_velocity: 8.97921E-06 -6.661152E-05 0.002886387
velocity: -0.0001046568 1.496785E-05 0.002885234
angularVelocity: -7.987444E-06 -4.872336E-05 -1.229783E-06
acceleration: -0.00159953 0.0002166774 0.01504927
accel: 0
brake: 1
steer: 0.0062
linkid: A219BS010395
trafficlightid: C119BS010046
turn_signal_lamp: 1