position: 100.7419 1154.868 -0.3610088
orientation: 1.078857 0.9958298 61.83191
enu_velocity: -4.958804E-05 -0.0002433812 0.004558295
velocity: -0.0003171509 1.457288E-05 0.004554003
angularVelocity: -5.870446E-06 -0.0001987596 -1.162043E-06
acceleration: -0.001309982 6.384909E-05 0.009863268
accel: 0
brake: 1
steer: 0.0062
linkid: A219BS010395
trafficlightid: C119BS010046
turn_signal_lamp: 1