position: 100.7419 1154.868 -0.3609885
orientation: 1.078857 0.9955509 61.83191
enu_velocity: -7.165055E-05 -0.0003125856 0.005127062
velocity: -0.0003984232 1.203993E-05 0.005121594
angularVelocity: -3.182126E-06 -0.0002569624 -1.094524E-06
acceleration: -0.001074473 -2.333667E-05 0.007265479
accel: 0
brake: 1
steer: 0.0062
linkid: A219BS010395
trafficlightid: C119BS010046
turn_signal_lamp: 1