position: 100.7419 1154.868 -0.3608857
orientation: 1.078857 0.99356 61.83186
enu_velocity: -0.0001287061 -0.0004520495 0.005408487
velocity: -0.000552983 1.755121E-06 0.005400635
angularVelocity: 4.942151E-06 -0.0003772908 -7.945945E-07
acceleration: 9.780259E-05 -3.873406E-05 -0.003844463
accel: 0
brake: 1
steer: 0.0062
linkid: A219BS010395
trafficlightid: C119BS010046
turn_signal_lamp: 1