position: 100.7419 1154.868 -0.3608686
orientation: 1.078888 0.9931327 61.83186
enu_velocity: -0.0001279178 -0.0004432833 0.005033275
velocity: -0.0005383403 -1.862587E-06 0.005025625
angularVelocity: 7.394556E-06 -0.0003700991 -7.152507E-07
acceleration: 0.0002908795 -3.706866E-05 -0.005423365
accel: 0
brake: 1
steer: 0.0062
linkid: A219BS010395
trafficlightid: C119BS010046
turn_signal_lamp: 1