position: 100.7419 1154.868 -0.3608166
orientation: 1.078918 0.9914511 61.83182
enu_velocity: -8.911645E-05 -0.0002418324 0.002036487
velocity: -0.0002904593 2.665816E-06 0.002032075
angularVelocity: 3.131572E-08 -0.0002076675 -7.266937E-07
acceleration: 0.0009328442 8.642966E-05 -0.009314068
accel: 0
brake: 1
steer: 0.0062
linkid: A219BS010395
trafficlightid: C119BS010046
turn_signal_lamp: 1