position: 100.7419 1154.868 -0.3608136
orientation: 1.078918 0.9912478 61.83182
enu_velocity: -7.011773E-05 -0.0001957013 0.001355152
velocity: -0.0002290364 -5.11796E-06 0.001351728
angularVelocity: 5.811584E-06 -0.0001667859 -6.052838E-07
acceleration: 0.0008927471 -1.582889E-05 -0.009374311
accel: 0
brake: 1
steer: 0.0062
linkid: A219BS010395
trafficlightid: C119BS010046
turn_signal_lamp: 1