position: 100.7419 1154.868 -0.3608128
orientation: 1.078918 0.9910977 61.83182
enu_velocity: -5.729281E-05 -0.0001385043 0.000710857
velocity: -0.0001614198 -1.537908E-06 0.0007083254
angularVelocity: 2.381516E-06 -0.0001204033 -6.608195E-07
acceleration: 0.0008982377 -0.000160744 -0.009061828
accel: 0
brake: 1
steer: 0.0062
linkid: A219BS010395
trafficlightid: C119BS010046
turn_signal_lamp: 1