position: 100.7419 1154.868 -0.3608364
orientation: 1.078918 0.991042 61.8318
enu_velocity: 1.271681E-05 9.217139E-05 -0.001797805
velocity: 0.0001183402 -1.524424E-06 -0.001796316
angularVelocity: -3.541281E-07 7.324836E-05 -7.00794E-07
acceleration: 0.0005854631 -2.436303E-05 -0.004859538
accel: 0
brake: 1
steer: 0.0062
linkid: A219BS010395
trafficlightid: C119BS010046
turn_signal_lamp: 1