position: 100.7419 1154.868 -0.3608976
orientation: 1.078918 0.9921592 61.83182
enu_velocity: 5.660339E-05 0.0001905286 -0.002269899
velocity: 0.0002339592 -2.636818E-06 -0.00226654
angularVelocity: 1.879816E-07 0.0001600233 -7.697133E-07
acceleration: -0.0001191439 0.0001317819 0.002258889
accel: 0
brake: 1
steer: 0.0062
linkid: A219BS010395
trafficlightid: C119BS010046
turn_signal_lamp: 1