position: 100.7419 1154.868 -0.3609046
orientation: 1.078918 0.992341 61.83182
enu_velocity: 5.646191E-05 0.0001872918 -0.00208028
velocity: 0.0002277625 -4.707726E-07 -0.002077006
angularVelocity: -1.072505E-06 0.0001574308 -8.157721E-07
acceleration: -9.388114E-05 -6.327156E-05 0.002787757
accel: 0
brake: 1
steer: 0.0062
linkid: A219BS010395
trafficlightid: C119BS010046
turn_signal_lamp: 1