position: 100.7419 1154.868 -0.3609107
orientation: 1.078918 0.9925127 61.83182
enu_velocity: 5.398793E-05 0.0001740551 -0.00186167
velocity: 0.0002111472 -4.260146E-07 -0.001858613
angularVelocity: -8.609641E-07 0.000146703 -8.205003E-07
acceleration: -0.0002398173 -5.04153E-05 0.003197627
accel: 0
brake: 1
steer: 0.0062
linkid: A219BS010395
trafficlightid: C119BS010046
turn_signal_lamp: 1