position: 100.7419 1154.868 -0.3609158
orientation: 1.078918 0.9926697 61.83183
enu_velocity: 5.135178E-05 0.0001570691 -0.001617062
velocity: 0.0001906982 -1.519653E-06 -0.001614258
angularVelocity: 2.660818E-07 0.0001332763 -8.099252E-07
acceleration: -0.0002820266 -1.058041E-05 0.003492289
accel: 0
brake: 1
steer: 0.0062
linkid: A219BS010395
trafficlightid: C119BS010046
turn_signal_lamp: 1