position: 100.7419 1154.868 -0.3609226
orientation: 1.078918 0.9929362 61.83183
enu_velocity: 4.150924E-05 0.0001233429 -0.001029898
velocity: 0.0001461577 2.280762E-06 -0.001027744
angularVelocity: -2.321904E-06 0.0001047368 -8.819616E-07
acceleration: -0.000355642 9.926237E-05 0.004303663
accel: 0
brake: 1
steer: 0.0062
linkid: A219BS010395
trafficlightid: C119BS010046
turn_signal_lamp: 1