position: 100.7419 1154.868 -0.3609132
orientation: 1.078918 0.993152 61.83183
enu_velocity: -2.018963E-06 -4.752129E-05 0.0008396848
velocity: -5.739397E-05 -4.854831E-06 0.0008390562
angularVelocity: 5.665544E-06 -3.563392E-05 -7.573937E-07
acceleration: -0.0001369298 -5.839243E-05 0.001690292
accel: 0
brake: 1
steer: 0.0062
linkid: A219BS010395
trafficlightid: C119BS010046
turn_signal_lamp: 1