position: 100.7419 1154.868 -0.3608973
orientation: 1.078918 0.9928955 61.83182
enu_velocity: -2.724839E-05 -7.856095E-05 0.001089179
velocity: -0.000100981 7.416693E-06 0.001087646
angularVelocity: -4.490663E-06 -6.743832E-05 -9.099455E-07
acceleration: 0.0001023779 0.0001749985 0.0003427997
accel: 0
brake: 1
steer: 0.0062
linkid: A219BS010395
trafficlightid: C119BS010046
turn_signal_lamp: 1