position: 100.7419 1154.868 -0.3608813
orientation: 1.078918 0.9925184 61.8318
enu_velocity: -2.384211E-05 -7.001963E-05 0.0007325733
velocity: -8.566041E-05 1.734927E-06 0.0007312961
angularVelocity: -5.841866E-08 -5.963398E-05 -8.000675E-07
acceleration: 3.803154E-05 -1.878658E-05 -0.001422588
accel: 0
brake: 1
steer: 0.0062
linkid: A219BS010395
trafficlightid: C119BS010046
turn_signal_lamp: 1