position: 100.7419 1154.868 -0.3608781
orientation: 1.078888 0.9923986 61.83179
enu_velocity: -2.068587E-05 -5.555208E-05 0.0004895516
velocity: -6.720792E-05 1.210721E-06 0.0004885246
angularVelocity: 5.244146E-08 -4.775677E-05 -7.868761E-07
acceleration: 0.0001426764 4.032931E-06 -0.001620468
accel: 0
brake: 1
steer: 0.0062
linkid: A219BS010395
trafficlightid: C119BS010046
turn_signal_lamp: 1