position: 100.7419 1154.868 -0.360877
orientation: 1.078888 0.9923543 61.83179
enu_velocity: -2.136176E-05 -3.875494E-05 0.0003793462
velocity: -5.081236E-05 7.664252E-06 0.0003784458
angularVelocity: -5.381844E-06 -3.587321E-05 -8.887678E-07
acceleration: 0.0002270569 3.446809E-05 -0.001697468
accel: 0
brake: 1
steer: 0.0062
linkid: A219BS010395
trafficlightid: C119BS010046
turn_signal_lamp: 1