position: 100.7419 1154.868 -0.3608767
orientation: 1.078888 0.9922672 61.83179
enu_velocity: -1.016354E-05 -1.849355E-05 1.608071E-06
velocity: -2.112578E-05 2.530778E-07 1.237866E-06
angularVelocity: 4.428703E-07 -1.68009E-05 -7.683106E-07
acceleration: 9.010611E-05 -9.262372E-05 -0.001708963
accel: 0
brake: 1
steer: 0.0062
linkid: A219BS010395
trafficlightid: C119BS010046
turn_signal_lamp: 1