position: 100.7419 1154.868 -0.3608774
orientation: 1.078888 0.992258 61.83179
enu_velocity: -6.30809E-06 -6.18754E-06 -9.96744E-05
velocity: -6.705176E-06 7.603799E-07 -9.98375E-05
angularVelocity: -2.277516E-07 -6.42448E-06 -7.848231E-07
acceleration: 0.000143518 1.7617E-05 -0.001565309
accel: 0
brake: 1
steer: 0.0062
linkid: A219BS010395
trafficlightid: C119BS010046
turn_signal_lamp: 1