position: 100.7419 1154.868 -0.3608785
orientation: 1.078888 0.9922546 61.83179
enu_velocity: -2.635125E-06 -1.775302E-06 -0.0001988104
velocity: 6.342812E-07 -2.259059E-06 -0.0001988219
angularVelocity: 2.192352E-06 -1.790034E-06 -7.366874E-07
acceleration: 9.545662E-05 -2.910091E-05 -0.001311066
accel: 0
brake: 1
steer: 0.0062
linkid: A219BS010395
trafficlightid: C119BS010046
turn_signal_lamp: 1