position: 100.7419 1154.868 -0.3608797
orientation: 1.078888 0.9922597 61.83179
enu_velocity: 1.234494E-06 7.432089E-06 -0.0002787968
velocity: 1.196158E-05 -2.82671E-06 -0.0002786276
angularVelocity: 2.553861E-06 6.355351E-06 -7.350243E-07
acceleration: 0.0001391827 -1.018785E-05 -0.001080924
accel: 0
brake: 1
steer: 0.0062
linkid: A219BS010395
trafficlightid: C119BS010046
turn_signal_lamp: 1