position: 100.7419 1154.868 -0.3608828
orientation: 1.078888 0.9922923 61.83177
enu_velocity: 6.83539E-06 1.69479E-05 -0.0004048406
velocity: 2.517568E-05 -5.641528E-06 -0.0004044307
angularVelocity: 4.985495E-06 1.526125E-05 -6.900744E-07
acceleration: -9.75869E-05 -0.0002006001 -0.001242998
accel: 0
brake: 1
steer: 0.0062
linkid: A219BS010395
trafficlightid: C119BS010046
turn_signal_lamp: 1