position: 100.7419 1154.868 -0.3608863
orientation: 1.078888 0.9923473 61.83179
enu_velocity: 3.658573E-06 3.723599E-05 -0.0004475821
velocity: 4.229948E-05 5.934756E-06 -0.0004471076
angularVelocity: -5.078889E-06 2.870878E-05 -8.812603E-07
acceleration: 0.0001662998 0.0002277099 8.952389E-05
accel: 0
brake: 1
steer: 0.0062
linkid: A219BS010395
trafficlightid: C119BS010046
turn_signal_lamp: 1