position: 100.7419 1154.868 -0.3608911
orientation: 1.078888 0.9924489 61.83179
enu_velocity: 7.645172E-06 3.796174E-05 -0.0004435123
velocity: 4.47511E-05 2.840959E-06 -0.0004429356
angularVelocity: -2.18776E-06 3.062148E-05 -8.352136E-07
acceleration: -4.915315E-06 -8.288127E-06 0.0001733798
accel: 0
brake: 1
steer: 0.0062
linkid: A219BS010395
trafficlightid: C119BS010046
turn_signal_lamp: 1