position: 100.7419 1154.868 -0.3608926
orientation: 1.078888 0.9924833 61.83179
enu_velocity: 1.155436E-05 3.417698E-05 -0.0004243459
velocity: 4.292848E-05 -2.030611E-06 -0.0004237028
angularVelocity: 1.975843E-06 2.934478E-05 -7.640522E-07
acceleration: -6.748879E-05 -0.0001150307 0.0001678863
accel: 0
brake: 1
steer: 0.0062
linkid: A219BS010395
trafficlightid: C119BS010046
turn_signal_lamp: 1