position: 100.7419 1154.868 -0.360896
orientation: 1.078888 0.9925771 61.83179
enu_velocity: 7.686287E-06 2.853505E-05 -0.000299263
velocity: 3.39637E-05 1.068496E-06 -0.0002987926
angularVelocity: -5.231814E-07 2.367334E-05 -8.12648E-07
acceleration: -0.0001147418 -3.767367E-05 0.0005454642
accel: 0
brake: 1
steer: 0.0062
linkid: A219BS010395
trafficlightid: C119BS010046
turn_signal_lamp: 1