position: 100.7419 1154.868 -0.3608968
orientation: 1.078888 0.9926025 61.83179
enu_velocity: 1.068381E-05 2.398793E-05 -0.0002431218
velocity: 3.039811E-05 -2.663608E-06 -0.0002426245
angularVelocity: 2.690662E-06 2.152756E-05 -7.626974E-07
acceleration: -7.014704E-05 -0.0001001087 0.0007374786
accel: 0
brake: 1
steer: 0.0062
linkid: A219BS010395
trafficlightid: C119BS010046
turn_signal_lamp: 1