position: 100.7419 1154.868 -0.3608973
orientation: 1.078888 0.9926249 61.83179
enu_velocity: 7.500537E-06 2.159589E-05 -0.0001897711
velocity: 2.586307E-05 1.640137E-08 -0.0001893854
angularVelocity: 5.097863E-07 1.852929E-05 -8.017196E-07
acceleration: -0.000101519 -7.488053E-05 0.0006628856
accel: 0
brake: 1
steer: 0.0062
linkid: A219BS010395
trafficlightid: C119BS010046
turn_signal_lamp: 1