position: 100.7419 1154.868 -0.3608976
orientation: 1.078888 0.9926439 61.83179
enu_velocity: 9.550367E-06 1.951437E-05 -0.0001421094
velocity: 2.417021E-05 -1.875756E-06 -0.0001417017
angularVelocity: 2.097677E-06 1.78577E-05 -7.8173E-07
acceleration: 5.860122E-05 -5.450322E-05 0.0006246311
accel: 0
brake: 1
steer: 0.0062
linkid: A219BS010395
trafficlightid: C119BS010046
turn_signal_lamp: 1