position: 100.7419 1154.868 -0.3608972
orientation: 1.078888 0.9926786 61.83179
enu_velocity: 6.554574E-07 7.530243E-06 3.954782E-05
velocity: 6.261623E-06 3.723196E-06 3.959917E-05
angularVelocity: -2.306823E-06 5.586585E-06 -8.572499E-07
acceleration: -0.0001638948 -4.580433E-05 0.0005320538
accel: 0
brake: 1
steer: 0.0062
linkid: A219BS010395
trafficlightid: C119BS010046
turn_signal_lamp: 1