position: 100.7419 1154.868 -0.3608967
orientation: 1.078918 0.9926816 61.83179
enu_velocity: 2.528719E-06 1.135066E-06 7.79918E-05
velocity: 8.428328E-07 -2.240829E-07 7.803617E-05
angularVelocity: 8.832885E-07 1.759017E-06 -8.009614E-07
acceleration: -6.627926E-05 1.801847E-05 0.0006327598
accel: 0
brake: 1
steer: 0.0062
linkid: A219BS010395
trafficlightid: C119BS010046
turn_signal_lamp: 1