position: 100.7419 1154.868 -0.3608947
orientation: 1.078888 0.9926684 61.83179
enu_velocity: -2.274162E-07 -9.104992E-06 0.0001716492
velocity: -1.110651E-05 -8.680165E-07 0.0001715293
angularVelocity: 1.576342E-06 -6.646324E-06 -7.886034E-07
acceleration: 8.218662E-06 -4.181747E-05 0.0002669052
accel: 0
brake: 1
steer: 0.0062
linkid: A219BS010395
trafficlightid: C119BS010046
turn_signal_lamp: 1