position: 100.7419 1154.868 -0.3608939
orientation: 1.078888 0.9926589 61.83179
enu_velocity: -3.72329E-06 -1.236294E-05 0.0001940252
velocity: -1.601582E-05 1.095375E-06 0.0001937906
angularVelocity: 1.457456E-07 -1.042332E-05 -8.084112E-07
acceleration: -0.0001633873 -0.0001628399 -1.422807E-06
accel: 0
brake: 1
steer: 0.0062
linkid: A219BS010395
trafficlightid: C119BS010046
turn_signal_lamp: 1