position: 100.7419 1154.868 -0.3608931
orientation: 1.078888 0.9926456 61.83179
enu_velocity: -3.027942E-06 -1.536951E-05 0.0002025255
velocity: -1.848492E-05 -7.77268E-07 0.0002022861
angularVelocity: 1.505792E-06 -1.223124E-05 -7.831316E-07
acceleration: -4.113198E-05 -3.135204E-05 0.0001061854
accel: 0
brake: 1
steer: 0.0062
linkid: A219BS010395
trafficlightid: C119BS010046
turn_signal_lamp: 1