position: 100.7419 1154.868 -0.3608923
orientation: 1.078888 0.9926328 61.83179
enu_velocity: -5.345647E-06 -1.614163E-05 0.0002083007
velocity: -2.035944E-05 1.009291E-06 0.0002079971
angularVelocity: 2.059778E-07 -1.375314E-05 -8.033441E-07
acceleration: -0.0001776848 -0.0001515759 -0.0003396234
accel: 0
brake: 1
steer: 0.0062
linkid: A219BS010395
trafficlightid: C119BS010046
turn_signal_lamp: 1