position: 100.7419 1154.868 -0.3608915
orientation: 1.078888 0.992619 61.83179
enu_velocity: -9.20916E-06 -1.343362E-05 0.0001985967
velocity: -1.96279E-05 5.510231E-06 0.0001982179
angularVelocity: -3.807005E-06 -1.320447E-05 -8.717563E-07
acceleration: -6.805883E-05 7.356825E-05 8.279402E-05
accel: 0
brake: 1
steer: 0.0062
linkid: A219BS010395
trafficlightid: C119BS010046
turn_signal_lamp: 1