position: 100.7419 1154.868 -0.3608909
orientation: 1.078888 0.9926041 61.83179
enu_velocity: -7.055599E-06 -1.244626E-05 0.0001981574
velocity: -1.773348E-05 4.070415E-06 0.0001978383
angularVelocity: -2.593108E-06 -1.157767E-05 -8.562756E-07
acceleration: 0.0001059978 6.241885E-05 0.0003073472
accel: 0
brake: 1
steer: 0.0062
linkid: A219BS010395
trafficlightid: C119BS010046
turn_signal_lamp: 1