position: 100.7419 1154.868 -0.3608899
orientation: 1.078888 0.9925707 61.83179
enu_velocity: -6.656288E-06 -1.573507E-05 0.000155024
velocity: -1.969657E-05 1.353282E-06 0.000154708
angularVelocity: -4.553303E-07 -1.373064E-05 -8.088676E-07
acceleration: 7.084825E-05 7.949592E-05 -0.0003538224
accel: 0
brake: 1
steer: 0.0062
linkid: A219BS010395
trafficlightid: C119BS010046
turn_signal_lamp: 1