position: 100.7419 1154.868 -0.3608894
orientation: 1.078888 0.9925562 61.83179
enu_velocity: -6.148165E-06 -1.293843E-05 0.0001415492
velocity: -1.675822E-05 1.972571E-06 0.000141268
angularVelocity: -9.580508E-07 -1.152489E-05 -8.200191E-07
acceleration: 8.096173E-05 6.395263E-05 -0.0001970321
accel: 0
brake: 1
steer: 0.0062
linkid: A219BS010395
trafficlightid: C119BS010046
turn_signal_lamp: 1