position: 100.7419 1154.868 -0.3608891
orientation: 1.078888 0.9925423 61.83179
enu_velocity: -3.97445E-06 -1.39363E-05 0.000118508
velocity: -1.621265E-05 -8.480633E-07 0.0001182818
angularVelocity: 1.464899E-06 -1.139433E-05 -7.757982E-07
acceleration: 5.820586E-05 -4.371487E-05 -0.000256892
accel: 0
brake: 1
steer: 0.0062
linkid: A219BS010395
trafficlightid: C119BS010046
turn_signal_lamp: 1