position: 100.7419 1154.868 -0.3608889
orientation: 1.078888 0.9925303 61.83179
enu_velocity: -3.091294E-06 -1.310906E-05 9.485329E-05
velocity: -1.465688E-05 -1.681005E-06 9.466203E-05
angularVelocity: 2.242438E-06 -1.046857E-05 -7.612875E-07
acceleration: 1.431721E-05 -0.0001382419 -0.0004483664
accel: 0
brake: 1
steer: 0.0062
linkid: A219BS010395
trafficlightid: C119BS010046
turn_signal_lamp: 1