position: 100.7419 1154.868 -0.3608887
orientation: 1.078888 0.9925197 61.83179
enu_velocity: -2.483222E-06 -1.231472E-05 6.711792E-05
velocity: -1.318927E-05 -2.363887E-06 6.695588E-05
angularVelocity: 2.724541E-06 -9.642503E-06 -7.502952E-07
acceleration: 4.095047E-06 -0.0001070557 -0.000535419
accel: 0
brake: 1
steer: 0.0062
linkid: A219BS010395
trafficlightid: C119BS010046
turn_signal_lamp: 1