position: 100.7419 1154.868 -0.3608886
orientation: 1.078888 0.9925117 61.83179
enu_velocity: -4.145699E-06 -7.184117E-06 5.439231E-05
velocity: -9.231222E-06 1.284613E-06 5.422597E-05
angularVelocity: -4.286658E-07 -6.578754E-06 -8.081302E-07
acceleration: 4.723359E-05 1.066955E-05 -0.0002392685
accel: 0
brake: 1
steer: 0.0062
linkid: A219BS010395
trafficlightid: C119BS010046
turn_signal_lamp: 1