position: 100.7419 1154.868 -0.3608886
orientation: 1.078888 0.992502 61.83179
enu_velocity: 1.070156E-06 -6.740485E-06 7.157932E-06
velocity: -5.560171E-06 -3.991623E-06 7.139106E-06
angularVelocity: 4.011819E-06 -4.272675E-06 -7.292011E-07
acceleration: -2.630685E-05 -0.0001096373 -0.000428446
accel: 0
brake: 1
steer: 0.0062
linkid: A219BS010395
trafficlightid: C119BS010046
turn_signal_lamp: 1