position: 100.7419 1154.868 -0.3608887
orientation: 1.078888 0.9924994 61.83179
enu_velocity: 7.616416E-07 -5.284945E-06 -1.311568E-05
velocity: -4.071654E-06 -3.414018E-06 -1.312623E-05
angularVelocity: 3.679215E-06 -3.354784E-06 -7.342875E-07
acceleration: -7.008013E-05 -0.0002431887 -0.00048541
accel: 0
brake: 1
steer: 0.0062
linkid: A219BS010395
trafficlightid: C119BS010046
turn_signal_lamp: 1