position: 100.7419 1154.868 -0.360889
orientation: 1.078888 0.9924995 61.83179
enu_velocity: -1.189534E-07 1.677748E-06 -4.187307E-05
velocity: 2.147983E-06 1.088557E-07 -4.185161E-05
angularVelocity: 4.348416E-07 1.381823E-06 -7.939884E-07
acceleration: 5.81683E-05 1.408637E-05 -0.000138822
accel: 0
brake: 1
steer: 0.0062
linkid: A219BS010395
trafficlightid: C119BS010046
turn_signal_lamp: 1