position: 100.7419 1154.868 -0.3608893
orientation: 1.078888 0.992502 61.83179
enu_velocity: 1.219096E-06 2.91953E-06 -5.84443E-05
velocity: 4.16112E-06 -7.958329E-07 -5.837635E-05
angularVelocity: 1.218179E-06 2.78144E-06 -7.810956E-07
acceleration: 4.015894E-05 -3.12044E-05 -0.0001893156
accel: 0
brake: 1
steer: 0.0062
linkid: A219BS010395
trafficlightid: C119BS010046
turn_signal_lamp: 1