position: 100.7419 1154.868 -0.3608895
orientation: 1.078888 0.9925054 61.83179
enu_velocity: 5.084193E-07 1.870854E-06 -7.243166E-05
velocity: 3.143636E-06 -9.281267E-07 -7.238343E-05
angularVelocity: 1.529383E-06 1.716246E-06 -7.715897E-07
acceleration: -7.005798E-05 -0.0001948251 -0.0004866493
accel: 0
brake: 1
steer: 0.0062
linkid: A219BS010395
trafficlightid: C119BS010046
turn_signal_lamp: 1