position: 100.7419 1154.868 -0.3608898
orientation: 1.078888 0.9925106 61.83179
enu_velocity: 2.372745E-06 5.111857E-06 -7.565175E-05
velocity: 6.936093E-06 -1.101083E-06 -7.55356E-05
angularVelocity: 1.432496E-06 4.790219E-06 -7.787476E-07
acceleration: 2.476351E-05 -1.166717E-05 -0.0001711957
accel: 0
brake: 1
steer: 0.0062
linkid: A219BS010395
trafficlightid: C119BS010046
turn_signal_lamp: 1