position: 100.7419 1154.868 -0.3608912
orientation: 1.078888 0.9925336 61.83179
enu_velocity: -9.919708E-07 9.256566E-06 -8.357698E-05
velocity: 9.138573E-06 3.672281E-06 -8.351515E-05
angularVelocity: -2.653085E-06 6.509949E-06 -8.498895E-07
acceleration: 7.704931E-05 0.0001077178 0.0002428106
accel: 0
brake: 1
steer: 0.0062
linkid: A219BS010395
trafficlightid: C119BS010046
turn_signal_lamp: 1