position: 100.7419 1154.868 -0.3608915
orientation: 1.078888 0.9925395 61.83179
enu_velocity: 5.839929E-07 4.881979E-06 -8.49095E-05
velocity: 6.049599E-06 1.924015E-07 -8.483609E-05
angularVelocity: 4.539143E-07 3.89623E-06 -7.908701E-07
acceleration: -8.518566E-05 -7.597645E-05 -5.217472E-05
accel: 0
brake: 1
steer: 0.0062
linkid: A219BS010395
trafficlightid: C119BS010046
turn_signal_lamp: 1