position: 100.7419 1154.868 -0.3608917
orientation: 1.078888 0.9925467 61.83179
enu_velocity: -1.940528E-06 1.174402E-05 -6.835954E-05
velocity: 1.06198E-05 5.969431E-06 -6.831032E-05
angularVelocity: -4.649167E-06 7.917324E-06 -8.885143E-07
acceleration: 0.0001068508 0.0002201089 0.0004126756
accel: 0
brake: 1
steer: 0.0062
linkid: A219BS010395
trafficlightid: C119BS010046
turn_signal_lamp: 1