position: 100.7419 1154.868 -0.3608919
orientation: 1.078888 0.9925545 61.83179
enu_velocity: -3.311658E-07 8.095844E-06 -6.690027E-05
velocity: 8.138518E-06 2.85574E-06 -6.683493E-05
angularVelocity: -1.913927E-06 5.817002E-06 -8.361649E-07
acceleration: -7.440968E-05 8.540067E-05 0.0002035189
accel: 0
brake: 1
steer: 0.0062
linkid: A219BS010395
trafficlightid: C119BS010046
turn_signal_lamp: 1