position: 100.7419 1154.868 -0.3608921
orientation: 1.078888 0.9925593 61.83179
enu_velocity: 1.140444E-06 3.864912E-06 -6.297574E-05
velocity: 5.035842E-06 -3.653628E-07 -6.290222E-05
angularVelocity: 9.371786E-07 3.365315E-06 -7.849141E-07
acceleration: -6.701861E-05 -7.605493E-05 2.843653E-05
accel: 0
brake: 1
steer: 0.0062
linkid: A219BS010395
trafficlightid: C119BS010046
turn_signal_lamp: 1