position: 100.7419 1154.868 -0.3608923
orientation: 1.078888 0.9925628 61.83179
enu_velocity: 6.206936E-07 3.861439E-06 -5.457846E-05
velocity: 4.642005E-06 2.491199E-07 -5.452058E-05
angularVelocity: 3.590167E-07 3.194385E-06 -7.958549E-07
acceleration: -3.82118E-06 -1.715245E-05 8.057674E-05
accel: 0
brake: 1
steer: 0.0062
linkid: A219BS010395
trafficlightid: C119BS010046
turn_signal_lamp: 1