position: 100.7419 1154.868 -0.3608924
orientation: 1.078888 0.9925677 61.83179
enu_velocity: 6.261555E-07 6.074173E-06 -3.814857E-05
velocity: 6.310355E-06 1.598622E-06 -3.808182E-05
angularVelocity: -7.018546E-07 4.756837E-06 -8.203066E-07
acceleration: 1.372935E-05 -2.756416E-05 0.0001564258
accel: 0
brake: 1
steer: 0.0062
linkid: A219BS010395
trafficlightid: C119BS010046
turn_signal_lamp: 1