position: 100.7419 1154.868 -0.3608926
orientation: 1.078888 0.9925749 61.83179
enu_velocity: -7.296113E-08 1.622664E-06 -1.980553E-05
velocity: 1.738922E-06 4.577598E-07 -1.97905E-05
angularVelocity: 3.076184E-07 1.250413E-06 -7.977645E-07
acceleration: -7.028615E-05 -7.50238E-05 -4.511691E-05
accel: 0
brake: 1
steer: 0.0062
linkid: A219BS010395
trafficlightid: C119BS010046
turn_signal_lamp: 1