position: 100.7419 1154.868 -0.3608926
orientation: 1.078888 0.9925759 61.83179
enu_velocity: -1.744158E-07 6.91214E-07 -1.097898E-05
velocity: 7.171237E-07 2.734471E-07 -1.097529E-05
angularVelocity: 3.37692E-07 5.668173E-07 -7.970338E-07
acceleration: -2.59357E-05 2.156265E-05 8.33272E-05
accel: 0
brake: 1
steer: 0.0062
linkid: A219BS010395
trafficlightid: C119BS010046
turn_signal_lamp: 1