position: 100.7419 1154.868 -0.3608926
orientation: 1.078888 0.9925767 61.83179
enu_velocity: -2.634127E-06 3.17525E-06 4.191643E-06
velocity: 1.482876E-06 3.899814E-06 4.145269E-06
angularVelocity: -2.785921E-06 1.437415E-06 -8.548345E-07
acceleration: 6.446824E-05 0.0001523477 0.0002108413
accel: 0
brake: 1
steer: 0.0062
linkid: A219BS010395
trafficlightid: C119BS010046
turn_signal_lamp: 1