position: 100.7419 1154.868 -0.3608925
orientation: 1.078888 0.9925768 61.83179
enu_velocity: -1.590198E-08 3.927661E-08 2.15369E-05
velocity: -3.459668E-07 4.380248E-07 2.152971E-05
angularVelocity: 2.811219E-07 1.269411E-07 -8.028165E-07
acceleration: -1.277849E-05 2.553412E-06 0.0001675827
accel: 0
brake: 1
steer: 0.0062
linkid: A219BS010395
trafficlightid: C119BS010046
turn_signal_lamp: 1