position: 100.7419 1154.868 -0.3608924
orientation: 1.078888 0.9925764 61.83179
enu_velocity: -1.732457E-06 5.82299E-07 3.087377E-05
velocity: -8.392683E-07 2.382978E-06 3.082446E-05
angularVelocity: -1.326114E-06 -1.479235E-07 -8.312702E-07
acceleration: -1.00427E-05 1.060417E-05 0.00015707
accel: 0
brake: 1
steer: 0.0062
linkid: A219BS010395
trafficlightid: C119BS010046
turn_signal_lamp: 1