position: 100.7419 1154.868 -0.3608922
orientation: 1.078888 0.9925752 61.83179
enu_velocity: -8.078254E-07 -1.599179E-06 3.178127E-05
velocity: -2.341399E-06 5.549888E-07 3.174065E-05
angularVelocity: 1.863735E-07 -1.353681E-06 -8.024563E-07
acceleration: -1.609322E-05 -1.548907E-06 0.0001034019
accel: 0
brake: 1
steer: 0.0062
linkid: A219BS010395
trafficlightid: C119BS010046
turn_signal_lamp: 1