position: 100.7419 1154.868 -0.3608921
orientation: 1.078888 0.9925734 61.83179
enu_velocity: -8.819513E-07 -2.83159E-06 2.787251E-05
velocity: -3.394961E-06 -3.53001E-08 2.782348E-05
angularVelocity: 7.040042E-07 -2.26661E-06 -7.914182E-07
acceleration: -3.796617E-05 -3.717197E-05 -1.497252E-05
accel: 0
brake: 1
steer: 0.0062
linkid: A219BS010395
trafficlightid: C119BS010046
turn_signal_lamp: 1