position: 100.7419 1154.868 -0.3608919
orientation: 1.078888 0.9925725 61.83179
enu_velocity: 2.86389E-06 -2.337274E-08 3.501327E-05
velocity: 7.246017E-07 -1.875684E-06 3.507261E-05
angularVelocity: 2.263298E-06 1.240394E-06 -7.749683E-07
acceleration: 0.0001295994 -5.836325E-05 0.0001451894
accel: 0
brake: 1
steer: 0.0062
linkid: A219BS010395
trafficlightid: C119BS010046
turn_signal_lamp: 1