position: 100.7419 1154.868 -0.3608918
orientation: 1.078888 0.9925696 61.83179
enu_velocity: -1.569103E-06 -2.997E-06 3.580505E-05
velocity: -4.002501E-06 6.414813E-07 3.573533E-05
angularVelocity: 3.739478E-08 -2.640345E-06 -8.023142E-07
acceleration: -1.419687E-05 5.12686E-05 -2.759969E-05
accel: 0
brake: 1
steer: 0.0062
linkid: A219BS010395
trafficlightid: C119BS010046
turn_signal_lamp: 1