position: 100.7419 1154.868 -0.3608916
orientation: 1.078888 0.9925681 61.83179
enu_velocity: -6.873697E-07 -4.245901E-06 3.8062E-05
velocity: -4.726248E-06 -6.828755E-07 3.800543E-05
angularVelocity: 1.496094E-06 -3.272699E-06 -7.782441E-07
acceleration: -0.0001312195 -0.0002177034 -0.0003323802
accel: 0
brake: 1
steer: 0.0062
linkid: A219BS010395
trafficlightid: C119BS010046
turn_signal_lamp: 1