position: 100.7419 1154.868 -0.3608914
orientation: 1.078888 0.9925668 61.83179
enu_velocity: -1.970789E-06 -2.033053E-07 4.270899E-05
velocity: -1.84923E-06 2.444809E-06 4.264489E-05
angularVelocity: -1.32837E-06 -7.979753E-07 -8.324737E-07
acceleration: 1.689364E-05 -1.624395E-05 -6.411825E-05
accel: 0
brake: 1
steer: 0.0062
linkid: A219BS010395
trafficlightid: C119BS010046
turn_signal_lamp: 1