position: 100.7419 1154.868 -0.3608911
orientation: 1.078888 0.9925621 61.83179
enu_velocity: -8.287608E-07 -3.929637E-06 3.57767E-05
velocity: -4.474627E-06 -4.519391E-07 3.571939E-05
angularVelocity: 1.137321E-06 -3.047394E-06 -7.843738E-07
acceleration: -5.1596E-05 -9.453632E-05 -0.0001409046
accel: 0
brake: 1
steer: 0.0062
linkid: A219BS010395
trafficlightid: C119BS010046
turn_signal_lamp: 1