position: 100.7419 1154.868 -0.360891
orientation: 1.078888 0.992558 61.83179
enu_velocity: -1.715007E-06 -5.060379E-06 2.915312E-05
velocity: -5.774861E-06 -3.296383E-07 2.90688E-05
angularVelocity: 8.942156E-07 -4.177225E-06 -7.84442E-07
acceleration: -5.306849E-05 -2.532388E-06 -0.0001656886
accel: 0
brake: 1
steer: 0.0062
linkid: A219BS010395
trafficlightid: C119BS010046
turn_signal_lamp: 1