position: 100.7419 1154.868 -0.360891
orientation: 1.078888 0.9925541 61.83179
enu_velocity: 3.579974E-07 -4.424938E-06 2.267431E-05
velocity: -4.124091E-06 -1.978358E-06 2.264753E-05
angularVelocity: 2.273226E-06 -2.890081E-06 -7.634609E-07
acceleration: 1.366657E-05 -2.940801E-05 -3.132745E-06
accel: 0
brake: 1
steer: 0.0062
linkid: A219BS010395
trafficlightid: C119BS010046
turn_signal_lamp: 1