position: 100.7419 1154.868 -0.3608909
orientation: 1.078888 0.9925525 61.83179
enu_velocity: -3.164765E-06 -8.965504E-07 2.434871E-05
velocity: -2.705769E-06 2.823953E-06 2.425661E-05
angularVelocity: -1.74942E-06 -1.735358E-06 -8.343582E-07
acceleration: -1.37418E-05 4.205593E-05 -8.229989E-05
accel: 0
brake: 1
steer: 0.0062
linkid: A219BS010395
trafficlightid: C119BS010046
turn_signal_lamp: 1