position: 100.7419 1154.868 -0.3608908
orientation: 1.078888 0.9925504 61.83179
enu_velocity: -2.448952E-07 -3.866392E-06 1.807779E-05
velocity: -3.836706E-06 -1.26981E-06 1.804114E-05
angularVelocity: 1.788624E-06 -2.754359E-06 -7.713574E-07
acceleration: -4.747539E-05 -9.592225E-05 -0.0001879946
accel: 0
brake: 1
steer: 0.0062
linkid: A219BS010395
trafficlightid: C119BS010046
turn_signal_lamp: 1