position: 100.7419 1154.868 -0.3608908
orientation: 1.078888 0.9925451 61.83179
enu_velocity: -3.165555E-06 3.788432E-08 1.516158E-05
velocity: -1.723354E-06 3.092991E-06 1.507843E-05
angularVelocity: -2.123172E-06 -1.000458E-06 -8.410129E-07
acceleration: 7.860451E-05 0.0001533591 3.857031E-05
accel: 0
brake: 1
steer: 0.0062
linkid: A219BS010395
trafficlightid: C119BS010046
turn_signal_lamp: 1