position: 100.7419 1154.868 -0.3608908
orientation: 1.078888 0.9925444 61.83179
enu_velocity: -4.83893E-06 1.505499E-06 9.160694E-06
velocity: -1.115619E-06 5.14779E-06 9.047416E-06
angularVelocity: -3.873814E-06 -6.405776E-07 -8.691003E-07
acceleration: -1.361442E-05 0.0001992872 -2.510339E-05
accel: 0
brake: 1
steer: 0.0062
linkid: A219BS010395
trafficlightid: C119BS010046
turn_signal_lamp: 1