position: 100.7419 1154.868 -0.3608908
orientation: 1.078888 0.9925438 61.83179
enu_velocity: -2.88914E-06 2.122883E-06 4.059614E-06
velocity: 4.372098E-07 3.625063E-06 4.00025E-06
angularVelocity: -2.367617E-06 5.875784E-07 -8.475121E-07
acceleration: 6.120437E-05 1.19588E-05 -0.0002059506
accel: 0
brake: 1
steer: 0.0062
linkid: A219BS010395
trafficlightid: C119BS010046
turn_signal_lamp: 1