position: 100.7419 1154.868 -0.3608907
orientation: 1.078888 0.9925441 61.83179
enu_velocity: -1.843353E-06 8.721109E-07 -3.826453E-06
velocity: -3.505579E-08 1.964295E-06 -3.865306E-06
angularVelocity: -9.527014E-07 5.317577E-08 -8.199613E-07
acceleration: -2.359121E-05 -4.22475E-05 -0.0001611893
accel: 0
brake: 1
steer: 0.0062
linkid: A219BS010395
trafficlightid: C119BS010046
turn_signal_lamp: 1