position: 100.7419 1154.868 -0.3608908
orientation: 1.078888 0.9925439 61.83179
enu_velocity: -1.462757E-06 2.219207E-06 -5.800983E-06
velocity: 1.366161E-06 2.227906E-06 -5.821167E-06
angularVelocity: -1.385591E-06 1.227662E-06 -8.29136E-07
acceleration: 8.518811E-05 0.0001154659 0.0001809065
accel: 0
brake: 1
steer: 0.0062
linkid: A219BS010395
trafficlightid: C119BS010046
turn_signal_lamp: 1