position: 100.7419 1154.868 -0.3608909
orientation: 1.078888 0.9925435 61.83179
enu_velocity: -5.070332E-07 1.305381E-06 -1.986102E-06
velocity: 9.456946E-07 1.025921E-06 -1.989686E-06
angularVelocity: -2.89657E-07 9.281849E-07 -8.107434E-07
acceleration: 7.489241E-05 3.818055E-05 0.0001953252
accel: 0
brake: 1
steer: 0.0062
linkid: A219BS010395
trafficlightid: C119BS010046
turn_signal_lamp: 1