position: 100.7419 1154.868 -0.360891
orientation: 1.078888 0.9925439 61.83179
enu_velocity: -1.374223E-06 1.336443E-06 -8.981341E-06
velocity: 6.849416E-07 1.673112E-06 -9.003922E-06
angularVelocity: -8.430965E-07 5.709333E-07 -8.180598E-07
acceleration: -1.975476E-05 4.556662E-05 -0.0001046738
accel: 0
brake: 1
steer: 0.0062
linkid: A219BS010395
trafficlightid: C119BS010046
turn_signal_lamp: 1