position: 100.7419 1154.868 -0.360891
orientation: 1.078888 0.9925438 61.83179
enu_velocity: -5.917918E-07 1.141497E-06 -1.124134E-05
velocity: 9.215589E-07 8.489765E-07 -1.124504E-05
angularVelocity: -2.10015E-07 7.805075E-07 -8.072519E-07
acceleration: 5.614014E-05 7.455293E-05 0.0001356927
accel: 0
brake: 1
steer: 0.0062
linkid: A219BS010395
trafficlightid: C119BS010046
turn_signal_lamp: 1