position: 100.7419 1154.868 -0.3608911
orientation: 1.078888 0.9925445 61.83179
enu_velocity: -5.505739E-07 1.387614E-06 -1.337741E-05
velocity: 1.194951E-06 8.886713E-07 -1.337782E-05
angularVelocity: -1.431231E-07 9.395065E-07 -8.064087E-07
acceleration: 3.217653E-06 -6.117612E-07 -2.970464E-05
accel: 0
brake: 1
steer: 0.0062
linkid: A219BS010395
trafficlightid: C119BS010046
turn_signal_lamp: 1