position: 100.7419 1154.868 -0.3608912
orientation: 1.078888 0.9925475 61.83179
enu_velocity: 2.489533E-07 2.735001E-06 -1.083436E-05
velocity: 2.715901E-06 8.682846E-07 -1.080719E-05
angularVelocity: -1.112368E-07 2.216123E-06 -8.093076E-07
acceleration: 3.354294E-05 -6.06613E-06 0.0001606366
accel: 0
brake: 1
steer: 0.0062
linkid: A219BS010395
trafficlightid: C119BS010046
turn_signal_lamp: 1