position: 100.7419 1154.868 -0.3608912
orientation: 1.078888 0.9925491 61.83179
enu_velocity: 2.237993E-07 2.836374E-06 -1.20221E-05
velocity: 2.813957E-06 9.159656E-07 -1.199453E-05
angularVelocity: -2.573261E-07 2.298518E-06 -8.110762E-07
acceleration: 6.293637E-05 7.019594E-05 0.0001786028
accel: 0
brake: 1
steer: 0.0062
linkid: A219BS010395
trafficlightid: C119BS010046
turn_signal_lamp: 1