position: 100.7419 1154.868 -0.3608912
orientation: 1.078888 0.9925514 61.83179
enu_velocity: -1.179845E-06 3.342714E-06 -1.396256E-05
velocity: 2.631368E-06 2.35553E-06 -1.39659E-05
angularVelocity: -1.353953E-06 2.091114E-06 -8.292951E-07
acceleration: 2.784299E-06 7.866505E-06 -8.622835E-06
accel: 0
brake: 1
steer: 0.0062
linkid: A219BS010395
trafficlightid: C119BS010046
turn_signal_lamp: 1