position: 100.7419 1154.868 -0.3608913
orientation: 1.078888 0.9925536 61.83179
enu_velocity: 9.140525E-07 1.936442E-07 -2.013852E-05
velocity: 9.509578E-07 -1.093197E-06 -2.010805E-05
angularVelocity: 1.417978E-06 6.70613E-07 -7.780712E-07
acceleration: 3.011461E-05 3.689344E-05 -8.321281E-05
accel: 0
brake: 1
steer: 0.0062
linkid: A219BS010395
trafficlightid: C119BS010046
turn_signal_lamp: 1