position: 100.7419 1154.868 -0.3608914
orientation: 1.078888 0.9925548 61.83179
enu_velocity: 2.148169E-06 -9.368893E-07 -1.180531E-05
velocity: 3.926084E-07 -2.557797E-06 -1.17542E-05
angularVelocity: 2.890943E-06 2.906346E-07 -7.54242E-07
acceleration: -2.147505E-05 -0.0001570233 -4.682949E-05
accel: 0
brake: 1
steer: 0.0062
linkid: A219BS010395
trafficlightid: C119BS010046
turn_signal_lamp: 1