position: 100.7419 1154.868 -0.3608915
orientation: 1.078888 0.9925552 61.83179
enu_velocity: 1.772283E-07 -1.164953E-06 -1.383472E-05
velocity: -7.035266E-07 -9.668081E-07 -1.383323E-05
angularVelocity: 1.490415E-06 -6.337818E-07 -7.753961E-07
acceleration: -5.249679E-05 -9.348168E-05 -0.0001482494
accel: 0
brake: 1
steer: 0.0062
linkid: A219BS010395
trafficlightid: C119BS010046
turn_signal_lamp: 1