position: 100.7419 1154.868 -0.3608916
orientation: 1.078888 0.9925556 61.83179
enu_velocity: 1.120658E-06 -1.337164E-06 -1.18124E-05
velocity: -4.450598E-07 -1.841467E-06 -1.17893E-05
angularVelocity: 2.251082E-06 -3.931322E-07 -7.636393E-07
acceleration: -3.864842E-05 -0.0001195454 -0.0001070156
accel: 0
brake: 1
steer: 0.0062
linkid: A219BS010395
trafficlightid: C119BS010046
turn_signal_lamp: 1