position: 100.7419 1154.868 -0.3608916
orientation: 1.078888 0.9925557 61.83179
enu_velocity: 6.749662E-08 1.366264E-06 -4.52108E-06
velocity: 1.314444E-06 5.00642E-07 -4.509212E-06
angularVelocity: 3.708999E-08 1.183463E-06 -8.049326E-07
acceleration: 6.151447E-05 0.0001087627 0.0001339746
accel: 0
brake: 1
steer: 0.0062
linkid: A219BS010395
trafficlightid: C119BS010046
turn_signal_lamp: 1