position: 100.7419 1154.868 -0.3608916
orientation: 1.078888 0.992556 61.83179
enu_velocity: -1.380329E-06 8.607909E-07 -3.370472E-06
velocity: 1.656119E-07 1.55949E-06 -3.398075E-06
angularVelocity: -6.925621E-07 2.190758E-07 -8.157251E-07
acceleration: -2.74438E-05 6.975995E-06 2.60542E-05
accel: 0
brake: 1
steer: 0.0062
linkid: A219BS010395
trafficlightid: C119BS010046
turn_signal_lamp: 1