position: 100.7419 1154.868 -0.3608916
orientation: 1.078888 0.992556 61.83179
enu_velocity: 1.903125E-06 -2.428998E-06 -5.239431E-06
velocity: -1.151982E-06 -2.922911E-06 -5.206062E-06
angularVelocity: 3.147007E-06 -8.8313E-07 -7.484576E-07
acceleration: -4.037375E-05 -0.0001184466 -9.636878E-05
accel: 0
brake: 1
steer: 0.0062
linkid: A219BS010395
trafficlightid: C119BS010046
turn_signal_lamp: 1