position: 100.7419 1154.868 -0.3608916
orientation: 1.078888 0.9925554 61.83179
enu_velocity: -1.940838E-06 2.715547E-06 1.317823E-06
velocity: 1.454687E-06 3.017643E-06 1.286632E-06
angularVelocity: -2.193643E-06 1.414194E-06 -8.440458E-07
acceleration: 0.0001214591 0.0002341118 0.0003988432
accel: 0
brake: 1
steer: 0.0062
linkid: A219BS010395
trafficlightid: C119BS010046
turn_signal_lamp: 1