position: 100.7419 1154.868 -0.3608916
orientation: 1.078888 0.9925547 61.83179
enu_velocity: -2.706541E-06 2.698665E-06 1.645009E-06
velocity: 1.072734E-06 3.69061E-06 1.594632E-06
angularVelocity: -2.675833E-06 1.094543E-06 -8.515126E-07
acceleration: 9.432525E-05 0.000191025 0.0003281746
accel: 0
brake: 1
steer: 0.0062
linkid: A219BS010395
trafficlightid: C119BS010046
turn_signal_lamp: 1