position: 100.7419 1154.868 -0.3608916
orientation: 1.078888 0.992556 61.83179
enu_velocity: -1.942622E-06 3.137486E-06 4.820177E-06
velocity: 1.765087E-06 3.28442E-06 4.790486E-06
angularVelocity: -2.233253E-06 1.654709E-06 -8.457608E-07
acceleration: 3.88445E-05 0.0001188837 0.0001449309
accel: 0
brake: 1
steer: 0.0062
linkid: A219BS010395
trafficlightid: C119BS010046
turn_signal_lamp: 1