position: 100.7419 1154.868 -0.3608916
orientation: 1.078888 0.9925551 61.83179
enu_velocity: 3.531818E-06 -5.716498E-06 -5.909142E-06
velocity: -3.269364E-06 -5.923388E-06 -5.856176E-06
angularVelocity: 5.792229E-06 -2.651395E-06 -6.996121E-07
acceleration: -0.0001162053 -0.0002601579 -0.0003350479
accel: 0
brake: 1
steer: 0.0062
linkid: A219BS010395
trafficlightid: C119BS010046
turn_signal_lamp: 1