position: 100.7419 1154.868 -0.3608916
orientation: 1.078888 0.9925553 61.83179
enu_velocity: -6.944225E-07 -1.664604E-06 -2.602112E-06
velocity: -1.749923E-06 -2.231604E-07 -2.629085E-06
angularVelocity: 8.916091E-07 -1.357988E-06 -7.861662E-07
acceleration: -8.960512E-05 -9.449353E-05 -0.0002797322
accel: 0
brake: 1
steer: 0.0062
linkid: A219BS010395
trafficlightid: C119BS010046
turn_signal_lamp: 1