position: 100.7419 1154.868 -0.3608916
orientation: 1.078888 0.9925564 61.83179
enu_velocity: -2.675485E-06 1.617977E-06 4.576519E-06
velocity: 8.405709E-08 3.20806E-06 4.519058E-06
angularVelocity: -1.995203E-06 2.509336E-07 -8.396107E-07
acceleration: -3.431679E-05 -1.781475E-05 -9.113763E-05
accel: 0
brake: 1
steer: 0.0062
linkid: A219BS010395
trafficlightid: C119BS010046
turn_signal_lamp: 1