position: 100.7419 1154.868 -0.3608916
orientation: 1.078888 0.992555 61.83179
enu_velocity: -3.866129E-06 2.750437E-06 8.337577E-06
velocity: 4.551207E-07 4.862951E-06 8.256611E-06
angularVelocity: -3.785011E-06 7.061603E-07 -8.704565E-07
acceleration: 0.000131265 0.0003114907 0.0002872659
accel: 0
brake: 1
steer: 0.0062
linkid: A219BS010395
trafficlightid: C119BS010046
turn_signal_lamp: 1