position: 100.7419 1154.868 -0.3608916
orientation: 1.078888 0.9925528 61.83179
enu_velocity: -6.270666E-07 8.426994E-08 7.227937E-06
velocity: -3.468971E-07 7.284801E-07 7.210573E-06
angularVelocity: 9.64026E-08 -4.904261E-08 -8.040934E-07
acceleration: -2.65885E-06 -6.45479E-05 -0.0001526623
accel: 0
brake: 1
steer: 0.0062
linkid: A219BS010395
trafficlightid: C119BS010046
turn_signal_lamp: 1