position: 100.7419 1154.868 -0.3608915
orientation: 1.078888 0.9925508 61.83179
enu_velocity: -3.068902E-06 -5.50656E-07 1.364311E-06
velocity: -1.957494E-06 2.470115E-06 1.28432E-06
angularVelocity: -1.424915E-06 -1.421464E-06 -8.260725E-07
acceleration: -1.105237E-05 -4.491584E-06 -0.0002738215
accel: 0
brake: 1
steer: 0.0062
linkid: A219BS010395
trafficlightid: C119BS010046
turn_signal_lamp: 1