position: 100.7419 1154.868 -0.3608915
orientation: 1.078888 0.9925506 61.83179
enu_velocity: -2.561601E-06 -6.33885E-07 -3.213285E-07
velocity: -1.762214E-06 1.952013E-06 -3.887311E-07
angularVelocity: -1.169712E-06 -1.320569E-06 -8.194672E-07
acceleration: -7.142589E-05 0.0001241994 8.200185E-05
accel: 0
brake: 1
steer: 0.0062
linkid: A219BS010395
trafficlightid: C119BS010046
turn_signal_lamp: 1