position: 100.7419 1154.868 -0.3608916
orientation: 1.078888 0.9925489 61.83179
enu_velocity: -3.101923E-06 -6.212449E-07 -1.172773E-06
velocity: -1.99135E-06 2.418114E-06 -1.253203E-06
angularVelocity: -1.391593E-06 -1.472575E-06 -8.248382E-07
acceleration: -2.475253E-06 4.638357E-06 -1.203174E-05
accel: 0
brake: 1
steer: 0.0062
linkid: A219BS010395
trafficlightid: C119BS010046
turn_signal_lamp: 1