position: 100.7419 1154.868 -0.3608915
orientation: 1.078888 0.9925498 61.83179
enu_velocity: -1.39018E-06 -3.235744E-07 -7.983614E-08
velocity: -9.39979E-07 1.070788E-06 -1.16316E-07
angularVelocity: -2.612567E-07 -6.676381E-07 -8.065382E-07
acceleration: -8.67665E-05 -1.123978E-05 3.56345E-05
accel: 0
brake: 1
steer: 0.0062
linkid: A219BS010395
trafficlightid: C119BS010046
turn_signal_lamp: 1