position: 100.7419 1154.868 -0.3608915
orientation: 1.078888 0.992551 61.83179
enu_velocity: -2.763518E-06 3.297664E-06 1.600769E-06
velocity: 1.574586E-06 4.022875E-06 1.552817E-06
angularVelocity: -2.663721E-06 1.449002E-06 -8.537054E-07
acceleration: 2.070397E-05 -1.657635E-05 -0.0001152107
accel: 0
brake: 1
steer: 0.0062
linkid: A219BS010395
trafficlightid: C119BS010046
turn_signal_lamp: 1