position: 100.7419 1154.868 -0.3608915
orientation: 1.078888 0.9925497 61.83179
enu_velocity: 1.103578E-07 -4.4232E-07 -5.159548E-06
velocity: -2.48412E-07 -4.032817E-07 -5.157947E-06
angularVelocity: 8.99105E-07 -1.340763E-07 -7.87411E-07
acceleration: -1.551025E-05 1.729763E-05 -7.891149E-05
accel: 0
brake: 1
steer: 0.0062
linkid: A219BS010395
trafficlightid: C119BS010046
turn_signal_lamp: 1