position: 100.7419 1154.868 -0.3608915
orientation: 1.078888 0.9925486 61.83179
enu_velocity: 1.280033E-06 -2.297454E-06 -3.220745E-06
velocity: -1.365097E-06 -2.27368E-06 -3.202635E-06
angularVelocity: 2.589134E-06 -1.003499E-06 -7.578814E-07
acceleration: -2.405759E-06 -0.0001011944 -1.032371E-05
accel: 0
brake: 1
steer: 0.0062
linkid: A219BS010395
trafficlightid: C119BS010046
turn_signal_lamp: 1