position: 100.7419 1154.868 -0.3608916
orientation: 1.078888 0.992548 61.83179
enu_velocity: 3.979945E-06 -2.289231E-06 -6.576524E-06
velocity: -2.538536E-08 -4.712285E-06 -6.490372E-06
angularVelocity: 4.669154E-06 4.514459E-08 -7.244833E-07
acceleration: 2.715571E-05 -0.0001594956 -9.547744E-05
accel: 0
brake: 1
steer: 0.0062
linkid: A219BS010395
trafficlightid: C119BS010046
turn_signal_lamp: 1