position: 100.7419 1154.868 -0.3608916
orientation: 1.078888 0.9925494 61.83179
enu_velocity: -2.823578E-06 1.475444E-06 -2.459373E-06
velocity: 1.040394E-08 3.138793E-06 -2.51911E-06
angularVelocity: -2.183725E-06 8.299486E-08 -8.390958E-07
acceleration: -6.986455E-05 0.0001447473 9.556802E-05
accel: 0
brake: 1
steer: 0.0062
linkid: A219BS010395
trafficlightid: C119BS010046
turn_signal_lamp: 1