position: 100.7419 1154.868 -0.3608916
orientation: 1.078888 0.9925517 61.83179
enu_velocity: -3.470822E-06 2.862392E-06 4.002527E-06
velocity: 8.154766E-07 4.485843E-06 3.933489E-06
angularVelocity: -3.069394E-06 8.575464E-07 -8.590946E-07
acceleration: 3.277091E-07 6.73556E-06 2.098123E-05
accel: 0
brake: 1
steer: 0.0062
linkid: A219BS010395
trafficlightid: C119BS010046
turn_signal_lamp: 1