position: 100.7419 1154.868 -0.3608916
orientation: 1.078888 0.9925508 61.83179
enu_velocity: -1.100996E-06 -8.346453E-07 -1.289849E-06
velocity: -1.233001E-06 5.51801E-07 -1.322029E-06
angularVelocity: 1.719676E-07 -8.691115E-07 -7.988544E-07
acceleration: -4.978123E-06 -1.631859E-05 -1.08414E-08
accel: 0
brake: 1
steer: 0.0062
linkid: A219BS010395
trafficlightid: C119BS010046
turn_signal_lamp: 1