position: 100.7419 1154.868 -0.3608916
orientation: 1.078888 0.9925502 61.83179
enu_velocity: 5.798255E-07 -1.486482E-06 1.700824E-07
velocity: -1.039509E-06 -1.209787E-06 1.749088E-07
angularVelocity: 1.637305E-06 -6.893209E-07 -7.748982E-07
acceleration: 9.365132E-06 -3.636401E-05 4.142485E-05
accel: 0
brake: 1
steer: 0.0062
linkid: A219BS010395
trafficlightid: C119BS010046
turn_signal_lamp: 1