position: 100.7419 1154.868 -0.3608916
orientation: 1.078888 0.9925483 61.83179
enu_velocity: 1.266751E-06 -3.760545E-06 2.26019E-06
velocity: -2.755926E-06 -2.849756E-06 2.266843E-06
angularVelocity: 2.98083E-06 -2.081658E-06 -7.488981E-07
acceleration: -4.521742E-05 -4.06289E-05 5.3074E-05
accel: 0
brake: 1
steer: 0.0062
linkid: A219BS010395
trafficlightid: C119BS010046
turn_signal_lamp: 1