position: 100.7419 1154.868 -0.3608916
orientation: 1.078888 0.9925483 61.83179
enu_velocity: -5.240188E-08 -3.494523E-07 5.162608E-06
velocity: -4.221807E-07 -2.166144E-08 5.157391E-06
angularVelocity: 6.59379E-07 -1.413858E-07 -7.932614E-07
acceleration: -1.301119E-05 -2.879708E-05 5.232612E-05
accel: 0
brake: 1
steer: 0.0062
linkid: A219BS010395
trafficlightid: C119BS010046
turn_signal_lamp: 1