position: 100.7419 1154.868 -0.3608916
orientation: 1.078888 0.9925483 61.83179
enu_velocity: -6.142891E-07 5.83321E-07 4.40034E-06
velocity: 1.479953E-07 8.996707E-07 4.387402E-06
angularVelocity: -1.31393E-07 3.185516E-07 -8.075759E-07
acceleration: 1.710504E-06 -1.885298E-06 8.540384E-06
accel: 0
brake: 1
steer: 0.0062
linkid: A219BS010395
trafficlightid: C119BS010046
turn_signal_lamp: 1