position: 100.7419 1154.868 -0.3608916
orientation: 1.078888 0.9925483 61.83179
enu_velocity: -3.892567E-07 5.871598E-07 4.989927E-06
velocity: 2.473791E-07 7.142725E-07 4.982396E-06
angularVelocity: 2.562271E-08 4.052734E-07 -8.050691E-07
acceleration: 1.344627E-06 -2.575796E-06 8.268628E-06
accel: 0
brake: 1
steer: 0.0062
linkid: A219BS010395
trafficlightid: C119BS010046
turn_signal_lamp: 1