position: 100.7419 1154.868 -0.3608916
orientation: 1.078888 0.9925495 61.83179
enu_velocity: -3.285106E-06 3.929523E-06 1.012814E-05
velocity: 1.737628E-06 4.941472E-06 1.00685E-05
angularVelocity: -3.591877E-06 1.702899E-06 -8.698391E-07
acceleration: 4.011994E-05 0.0001199095 0.0001330145
accel: 0
brake: 1
steer: 0.0062
linkid: A219BS010395
trafficlightid: C119BS010046
turn_signal_lamp: 1