position: 100.7419 1154.868 -0.3608915
orientation: 1.078888 0.9925492 61.83179
enu_velocity: -2.54333E-06 2.248914E-06 8.49935E-06
velocity: 6.346099E-07 3.46342E-06 8.447904E-06
angularVelocity: -2.448113E-06 8.195057E-07 -8.483403E-07
acceleration: 8.654781E-05 0.0001737348 4.698344E-05
accel: 0
brake: 1
steer: 0.0062
linkid: A219BS010395
trafficlightid: C119BS010046
turn_signal_lamp: 1