position: 100.7419 1154.868 -0.3608915
orientation: 1.078888 0.9925479 61.83179
enu_velocity: 7.210554E-07 -9.987504E-07 -8.243081E-07
velocity: -5.257211E-07 -1.122628E-06 -8.125457E-07
angularVelocity: 1.517589E-06 -2.638561E-07 -7.779909E-07
acceleration: 5.190193E-05 3.380275E-06 -0.0001735599
accel: 0
brake: 1
steer: 0.0062
linkid: A219BS010395
trafficlightid: C119BS010046
turn_signal_lamp: 1