position: 100.7419 1154.868 -0.3608915
orientation: 1.078918 0.9925486 61.83179
enu_velocity: 6.440699E-06 -1.044664E-06 -7.669749E-06
velocity: 2.252009E-06 -6.313654E-06 -7.514334E-06
angularVelocity: 5.951889E-06 1.890114E-06 -7.066947E-07
acceleration: 7.468063E-05 -0.0001414073 -0.0001615729
accel: 0
brake: 1
steer: 0.0062
linkid: A219BS010395
trafficlightid: C119BS010046
turn_signal_lamp: 1