position: 100.7419 1154.868 -0.3608915
orientation: 1.078888 0.9925494 61.83179
enu_velocity: -1.671222E-06 -4.246846E-07 -9.955648E-07
velocity: -1.145887E-06 1.253466E-06 -1.039353E-06
angularVelocity: -3.136073E-07 -8.471085E-07 -8.074571E-07
acceleration: -8.69956E-05 -9.538197E-05 -0.0002679351
accel: 0
brake: 1
steer: 0.0062
linkid: A219BS010395
trafficlightid: C119BS010046
turn_signal_lamp: 1