position: 100.7419 1154.868 -0.3608915
orientation: 1.078888 0.9925492 61.83179
enu_velocity: -4.172514E-06 2.800333E-06 4.085168E-06
velocity: 4.281524E-07 5.076461E-06 3.998322E-06
angularVelocity: -3.689828E-06 5.792676E-07 -8.687898E-07
acceleration: 4.866268E-05 0.0001033763 0.0001531265
accel: 0
brake: 1
steer: 0.0062
linkid: A219BS010395
trafficlightid: C119BS010046
turn_signal_lamp: 1