position: 100.7419 1154.868 -0.3608914
orientation: 1.078888 0.9925521 61.83179
enu_velocity: -1.802158E-06 4.201075E-07 8.174792E-06
velocity: -6.21913E-07 1.940465E-06 8.130149E-06
angularVelocity: -1.148354E-06 -2.821633E-07 -8.227136E-07
acceleration: -5.171062E-05 0.0001231803 0.000270704
accel: 0
brake: 1
steer: 0.0062
linkid: A219BS010395
trafficlightid: C119BS010046
turn_signal_lamp: 1