position: 100.7419 1154.868 -0.3608913
orientation: 1.078888 0.9925542 61.83179
enu_velocity: -7.791382E-07 2.630145E-06 4.737821E-06
velocity: 1.86848E-06 2.017943E-06 4.733746E-06
angularVelocity: -9.518025E-07 1.719574E-06 -8.256213E-07
acceleration: 1.776933E-05 -6.706762E-05 -3.253191E-05
accel: 0
brake: 1
steer: 0.0062
linkid: A219BS010395
trafficlightid: C119BS010046
turn_signal_lamp: 1