position: 100.7419 1154.868 -0.3608913
orientation: 1.078888 0.9925551 61.83179
enu_velocity: 2.46278E-06 -6.971732E-07 1.013329E-06
velocity: 5.303449E-07 -2.480511E-06 1.069564E-06
angularVelocity: 2.906072E-06 5.756143E-07 -7.569958E-07
acceleration: 2.097615E-06 -0.0001990054 -0.0001557226
accel: 0
brake: 1
steer: 0.0062
linkid: A219BS010395
trafficlightid: C119BS010046
turn_signal_lamp: 1