position: 100.7419 1154.868 -0.3608913
orientation: 1.078888 0.9925556 61.83179
enu_velocity: 1.470178E-06 -1.222416E-06 -3.191556E-06
velocity: -3.282819E-07 -1.932993E-06 -3.161886E-06
angularVelocity: 2.260834E-06 -1.522261E-07 -7.653506E-07
acceleration: 2.44757E-05 -5.67879E-05 -9.148104E-05
accel: 0
brake: 1
steer: 0.0062
linkid: A219BS010395
trafficlightid: C119BS010046
turn_signal_lamp: 1