position: 100.7419 1154.868 -0.3608913
orientation: 1.078888 0.9925553 61.83179
enu_velocity: -3.692302E-07 -1.176169E-06 6.560337E-07
velocity: -1.222352E-06 -2.177275E-07 6.391678E-07
angularVelocity: 9.327295E-07 -8.561411E-07 -7.875028E-07
acceleration: -3.340731E-05 -0.0001190641 -9.098141E-05
accel: 0
brake: 1
steer: 0.0062
linkid: A219BS010395
trafficlightid: C119BS010046
turn_signal_lamp: 1