position: 100.7419 1154.868 -0.3608913
orientation: 1.078888 0.9925553 61.83179
enu_velocity: -5.228041E-07 -1.358125E-06 6.096187E-08
velocity: -1.444911E-06 -1.795243E-07 3.932507E-08
angularVelocity: 7.994661E-07 -1.069543E-06 -7.882095E-07
acceleration: -7.683519E-05 -4.277851E-05 -7.342189E-05
accel: 0
brake: 1
steer: 0.0062
linkid: A219BS010395
trafficlightid: C119BS010046
turn_signal_lamp: 1