position: 100.7419 1154.868 -0.3608913
orientation: 1.078888 0.9925553 61.83179
enu_velocity: -5.684087E-07 -1.3635E-06 8.763045E-08
velocity: -1.471636E-06 -1.413715E-07 6.482078E-08
angularVelocity: 7.680566E-07 -1.090519E-06 -7.887372E-07
acceleration: -7.670319E-05 -4.265799E-05 -7.338182E-05
accel: 0
brake: 1
steer: 0.0062
linkid: A219BS010395
trafficlightid: C119BS010046
turn_signal_lamp: 1