position: 100.7419 1154.868 -0.3608913
orientation: 1.078888 0.9925553 61.83179
enu_velocity: -6.103689E-07 -1.3681E-06 1.144306E-07
velocity: -1.49596E-06 -1.060618E-07 9.054328E-08
angularVelocity: 7.392424E-07 -1.109656E-06 -7.892181E-07
acceleration: -7.667096E-05 -4.269642E-05 -7.33806E-05
accel: 0
brake: 1
steer: 0.0062
linkid: A219BS010395
trafficlightid: C119BS010046
turn_signal_lamp: 1