position: 100.7419 1154.868 -0.3608913
orientation: 1.078888 0.9925553 61.83179
enu_velocity: -6.48922E-07 -1.371999E-06 1.412371E-07
velocity: -1.518057E-06 -7.3423E-08 1.163609E-07
angularVelocity: 7.127078E-07 -1.12701E-06 -7.896422E-07
acceleration: -7.664063E-05 -4.273403E-05 -7.337932E-05
accel: 0
brake: 1
steer: 0.0062
linkid: A219BS010395
trafficlightid: C119BS010046
turn_signal_lamp: 1