position: 100.7419 1154.868 -0.3608913
orientation: 1.078888 0.9925553 61.83179
enu_velocity: -6.842338E-07 -1.375183E-06 1.680543E-07
velocity: -1.537995E-06 -4.330332E-08 1.422742E-07
angularVelocity: 6.880617E-07 -1.142697E-06 -7.900505E-07
acceleration: -7.661038E-05 -4.277228E-05 -7.337779E-05
accel: 0
brake: 1
steer: 0.0062
linkid: A219BS010395
trafficlightid: C119BS010046
turn_signal_lamp: 1