position: 100.7419 1154.868 -0.3608913
orientation: 1.078888 0.9925553 61.83179
enu_velocity: -7.168477E-07 -1.377811E-06 1.948622E-07
velocity: -1.556169E-06 -1.529833E-08 1.682486E-07
angularVelocity: 6.652949E-07 -1.156904E-06 -7.904104E-07
acceleration: -7.658471E-05 -4.280098E-05 -7.337672E-05
accel: 0
brake: 1
steer: 0.0062
linkid: A219BS010395
trafficlightid: C119BS010046
turn_signal_lamp: 1