position: 100.7419 1154.868 -0.3608913
orientation: 1.078888 0.9925553 61.83179
enu_velocity: -7.997561E-07 -1.383823E-06 2.752804E-07
velocity: -1.601994E-06 5.643972E-08 2.46548E-07
angularVelocity: 6.068138E-07 -1.19257E-06 -7.913707E-07
acceleration: -7.652855E-05 -4.288279E-05 -7.337438E-05
accel: 0
brake: 1
steer: 0.0062
linkid: A219BS010395
trafficlightid: C119BS010046
turn_signal_lamp: 1