position: 100.7419 1154.868 -0.3608913
orientation: 1.078888 0.9925553 61.83179
enu_velocity: -8.231401E-07 -1.385212E-06 3.020924E-07
velocity: -1.61472E-06 7.689556E-08 2.72763E-07
angularVelocity: 5.901698E-07 -1.202422E-06 -7.91641E-07
acceleration: -7.6513E-05 -4.290332E-05 -7.337365E-05
accel: 0
brake: 1
steer: 0.0062
linkid: A219BS010395
trafficlightid: C119BS010046
turn_signal_lamp: 1