position: 100.7419 1154.868 -0.3608913
orientation: 1.078888 0.9925553 61.83179
enu_velocity: -8.444512E-07 -1.386393E-06 3.289012E-07
velocity: -1.626283E-06 9.562336E-08 2.990276E-07
angularVelocity: 5.749182E-07 -1.211349E-06 -7.918827E-07
acceleration: -7.649839E-05 -4.292389E-05 -7.33733E-05
accel: 0
brake: 1
steer: 0.0062
linkid: A219BS010395
trafficlightid: C119BS010046
turn_signal_lamp: 1