position: 100.7419 1154.868 -0.3608913
orientation: 1.078888 0.9925551 61.83179
enu_velocity: -9.385162E-07 -1.406604E-06 2.953697E-07
velocity: -1.687916E-06 1.683421E-07 2.630477E-07
angularVelocity: 5.298938E-07 -1.257553E-06 -7.925424E-07
acceleration: -7.072662E-05 -5.423485E-05 -5.556331E-05
accel: 0
brake: 1
steer: 0.0062
linkid: A219BS010395
trafficlightid: C119BS010046
turn_signal_lamp: 1