position: 100.7419 1154.868 -0.3608912
orientation: 1.078888 0.9925555 61.83179
enu_velocity: 6.018062E-08 -1.719869E-06 -3.139873E-07
velocity: -1.482106E-06 -8.711811E-07 -3.233657E-07
angularVelocity: 1.35255E-06 -1.121244E-06 -7.780376E-07
acceleration: -0.0001021393 -3.987639E-05 -7.292605E-05
accel: 0
brake: 1
steer: 0.0062
linkid: A219BS010395
trafficlightid: C119BS010046
turn_signal_lamp: 1