position: 100.7419 1154.868 -0.3608913
orientation: 1.078888 0.9925552 61.83179
enu_velocity: -5.999992E-07 -1.543067E-06 -2.064832E-07
velocity: -1.639728E-06 -2.038726E-07 -2.311249E-07
angularVelocity: 9.340165E-07 -1.214006E-06 -7.866219E-07
acceleration: -5.172372E-05 -0.0001301879 -7.448555E-05
accel: 0
brake: 1
steer: 0.0062
linkid: A219BS010395
trafficlightid: C119BS010046
turn_signal_lamp: 1