position: 100.7419 1154.868 -0.3608912
orientation: 1.078888 0.9925556 61.83179
enu_velocity: 1.817998E-06 -1.677547E-06 -3.483342E-06
velocity: -5.602271E-07 -2.459947E-06 -3.447863E-06
angularVelocity: 2.736459E-06 -3.885636E-07 -7.566757E-07
acceleration: -4.675045E-05 -9.532957E-05 -0.0001635038
accel: 0
brake: 1
steer: 0.0062
linkid: A219BS010395
trafficlightid: C119BS010046
turn_signal_lamp: 1