position: 100.7419 1154.868 -0.3608913
orientation: 1.078888 0.9925552 61.83179
enu_velocity: -6.372841E-07 -1.530693E-06 -6.361935E-07
velocity: -1.638976E-06 -1.732608E-07 -6.615393E-07
angularVelocity: 9.041199E-07 -1.218978E-06 -7.869298E-07
acceleration: -5.218468E-05 -0.0001287979 -7.45579E-05
accel: 0
brake: 1
steer: 0.0062
linkid: A219BS010395
trafficlightid: C119BS010046
turn_signal_lamp: 1