position: 100.7419 1154.868 -0.3608913
orientation: 1.078888 0.9925552 61.83179
enu_velocity: -5.715677E-07 -1.55409E-06 -6.095744E-07
velocity: -1.629042E-06 -2.417223E-07 -6.3345E-07
angularVelocity: 8.499136E-07 -1.22596E-06 -7.870171E-07
acceleration: -7.64627E-05 -4.28299E-05 -7.336786E-05
accel: 0
brake: 1
steer: 0.0062
linkid: A219BS010395
trafficlightid: C119BS010046
turn_signal_lamp: 1