position: 100.7419 1154.868 -0.3608913
orientation: 1.078888 0.9925552 61.83179
enu_velocity: -7.043338E-07 -1.514589E-06 -4.754996E-07
velocity: -1.659212E-06 -1.035424E-07 -5.024564E-07
angularVelocity: 7.36155E-07 -1.248291E-06 -7.889316E-07
acceleration: -7.64343E-05 -4.271741E-05 -7.337139E-05
accel: 0
brake: 1
steer: 0.0062
linkid: A219BS010395
trafficlightid: C119BS010046
turn_signal_lamp: 1