position: 100.7419 1154.868 -0.3608913
orientation: 1.078888 0.9925552 61.83179
enu_velocity: -7.250552E-07 -1.508077E-06 -4.486883E-07
velocity: -1.663716E-06 -8.170139E-08 -4.761257E-07
angularVelocity: 7.183932E-07 -1.251519E-06 -7.892295E-07
acceleration: -7.643007E-05 -4.274076E-05 -7.337073E-05
accel: 0
brake: 1
steer: 0.0062
linkid: A219BS010395
trafficlightid: C119BS010046
turn_signal_lamp: 1