position: 100.7419 1154.868 -0.3608913
orientation: 1.078888 0.9925552 61.83179
enu_velocity: -7.441114E-07 -1.50207E-06 -4.218784E-07
velocity: -1.66788E-06 -6.156631E-08 -4.497584E-07
angularVelocity: 7.020083E-07 -1.254455E-06 -7.895164E-07
acceleration: -7.642492E-05 -4.276403E-05 -7.337015E-05
accel: 0
brake: 1
steer: 0.0062
linkid: A219BS010395
trafficlightid: C119BS010046
turn_signal_lamp: 1