position: 100.7419 1154.868 -0.3608913
orientation: 1.078888 0.9925552 61.83179
enu_velocity: -7.616862E-07 -1.496461E-06 -3.950716E-07
velocity: -1.671695E-06 -4.292474E-08 -4.2336E-07
angularVelocity: 6.868163E-07 -1.257169E-06 -7.897722E-07
acceleration: -7.641938E-05 -4.27864E-05 -7.336964E-05
accel: 0
brake: 1
steer: 0.0062
linkid: A219BS010395
trafficlightid: C119BS010046
turn_signal_lamp: 1