position: 100.7419 1154.868 -0.3608913
orientation: 1.078888 0.9925552 61.83179
enu_velocity: -7.777657E-07 -1.491264E-06 -3.682612E-07
velocity: -1.675169E-06 -2.579583E-08 -3.969236E-07
angularVelocity: 6.728918E-07 -1.259609E-06 -7.900185E-07
acceleration: -7.641415E-05 -4.28068E-05 -7.336927E-05
accel: 0
brake: 1
steer: 0.0062
linkid: A219BS010395
trafficlightid: C119BS010046
turn_signal_lamp: 1