position: 100.7419 1154.868 -0.3608913
orientation: 1.078888 0.9925552 61.83179
enu_velocity: -8.063295E-07 -1.481962E-06 -3.146417E-07
velocity: -1.681381E-06 4.778542E-09 -3.439699E-07
angularVelocity: 6.480457E-07 -1.263884E-06 -7.904414E-07
acceleration: -7.640742E-05 -4.283931E-05 -7.336854E-05
accel: 0
brake: 1
steer: 0.0062
linkid: A219BS010395
trafficlightid: C119BS010046
turn_signal_lamp: 1