position: 100.7419 1154.868 -0.3608913
orientation: 1.078888 0.9925552 61.83179
enu_velocity: -8.305022E-07 -1.47396E-06 -2.610188E-07
velocity: -1.686666E-06 3.086944E-08 -2.909124E-07
angularVelocity: 6.268449E-07 -1.267406E-06 -7.908151E-07
acceleration: -7.640016E-05 -4.286953E-05 -7.33678E-05
accel: 0
brake: 1
steer: 0.0062
linkid: A219BS010395
trafficlightid: C119BS010046
turn_signal_lamp: 1