position: 100.7419 1154.868 -0.3608913
orientation: 1.078888 0.9925552 61.83179
enu_velocity: -8.412513E-07 -1.470379E-06 -2.342088E-07
velocity: -1.689047E-06 4.253826E-08 -2.643547E-07
angularVelocity: 6.173696E-07 -1.268961E-06 -7.909719E-07
acceleration: -7.639876E-05 -4.28813E-05 -7.336752E-05
accel: 0
brake: 1
steer: 0.0062
linkid: A219BS010395
trafficlightid: C119BS010046
turn_signal_lamp: 1