position: 100.7419 1154.868 -0.3608913
orientation: 1.078888 0.9925552 61.83179
enu_velocity: -8.510432E-07 -1.467101E-06 -2.073951E-07
velocity: -1.691244E-06 5.322039E-08 -2.377714E-07
angularVelocity: 6.086552E-07 -1.270347E-06 -7.911187E-07
acceleration: -7.639702E-05 -4.289435E-05 -7.336725E-05
accel: 0
brake: 1
steer: 0.0062
linkid: A219BS010395
trafficlightid: C119BS010046
turn_signal_lamp: 1