position: 100.7419 1154.868 -0.3608913
orientation: 1.078888 0.9925552 61.83179
enu_velocity: -8.68463E-07 -1.461273E-06 -1.537677E-07
velocity: -1.695258E-06 7.233353E-08 -1.84556E-07
angularVelocity: 5.93177E-07 -1.272861E-06 -7.913977E-07
acceleration: -7.639519E-05 -4.291608E-05 -7.336681E-05
accel: 0
brake: 1
steer: 0.0062
linkid: A219BS010395
trafficlightid: C119BS010046
turn_signal_lamp: 1