position: 100.7419 1154.868 -0.3608913
orientation: 1.078888 0.9925552 61.83179
enu_velocity: -8.83107E-07 -1.456195E-06 -1.001438E-07
velocity: -1.698623E-06 8.864629E-08 -1.3128E-07
angularVelocity: 5.799899E-07 -1.27488E-06 -7.916028E-07
acceleration: -7.639112E-05 -4.29313E-05 -7.336644E-05
accel: 0
brake: 1
steer: 0.0062
linkid: A219BS010395
trafficlightid: C119BS010046
turn_signal_lamp: 1