position: 100.7419 1154.868 -0.3608913
orientation: 1.078888 0.9925552 61.83179
enu_velocity: -8.89519E-07 -1.45396E-06 -7.333088E-08
velocity: -1.700144E-06 9.585722E-08 -1.046205E-07
angularVelocity: 5.740873E-07 -1.275748E-06 -7.917324E-07
acceleration: -7.638751E-05 -4.294115E-05 -7.336616E-05
accel: 0
brake: 1
steer: 0.0062
linkid: A219BS010395
trafficlightid: C119BS010046
turn_signal_lamp: 1