position: 100.7419 1154.868 -0.3608913
orientation: 1.078888 0.9925552 61.83179
enu_velocity: -8.95467E-07 -1.451872E-06 -4.651793E-08
velocity: -1.701575E-06 1.025898E-07 -7.795035E-08
angularVelocity: 5.686767E-07 -1.276552E-06 -7.918255E-07
acceleration: -7.638691E-05 -4.294699E-05 -7.336611E-05
accel: 0
brake: 1
steer: 0.0062
linkid: A219BS010395
trafficlightid: C119BS010046
turn_signal_lamp: 1