position: 100.7419 1154.868 -0.3608913
orientation: 1.078888 0.9925552 61.83179
enu_velocity: -3.598281E-07 -1.757615E-06 2.889516E-08
velocity: -1.719557E-06 -5.12417E-07 8.75797E-09
angularVelocity: 1.08409E-06 -1.29146E-06 -7.828611E-07
acceleration: -7.654334E-05 -5.157636E-05 -7.320362E-05
accel: 0
brake: 1
steer: 0.0062
linkid: A219BS010395
trafficlightid: C119BS010046
turn_signal_lamp: 1