position: 100.7419 1154.868 -0.3608913
orientation: 1.078888 0.9925552 61.83179
enu_velocity: 1.956409E-06 -1.848367E-06 -3.241896E-06
velocity: -6.496473E-07 -2.658049E-06 -3.204156E-06
angularVelocity: 2.896891E-06 -4.578243E-07 -7.538069E-07
acceleration: -4.664432E-05 -9.486392E-05 -0.000163513
accel: 0
brake: 1
steer: 0.0062
linkid: A219BS010395
trafficlightid: C119BS010046
turn_signal_lamp: 1