position: 100.7419 1154.868 -0.3608912
orientation: 1.078888 0.992556 61.83179
enu_velocity: -1.437303E-06 2.465984E-06 4.545594E-07
velocity: 1.487332E-06 2.439788E-06 4.345336E-07
angularVelocity: -1.397905E-06 1.372091E-06 -8.317058E-07
acceleration: 3.863684E-05 -6.298806E-07 -0.0001381566
accel: 0
brake: 1
steer: 0.0062
linkid: A219BS010395
trafficlightid: C119BS010046
turn_signal_lamp: 1