position: 100.7419 1154.868 -0.3608913
orientation: 1.078888 0.9925552 61.83179
enu_velocity: -2.476701E-06 1.520716E-06 3.169209E-06
velocity: 1.165304E-07 2.960453E-06 3.116513E-06
angularVelocity: -1.957173E-06 3.117787E-07 -8.385399E-07
acceleration: 4.694852E-05 9.893789E-05 0.0001637645
accel: 0
brake: 1
steer: 0.0062
linkid: A219BS010395
trafficlightid: C119BS010046
turn_signal_lamp: 1