position: 100.7419 1154.868 -0.3608913
orientation: 1.078888 0.9925548 61.83179
enu_velocity: -1.824961E-07 -1.468687E-06 -1.45385E-06
velocity: -1.355501E-06 -5.601553E-07 -1.467265E-06
angularVelocity: 1.148721E-06 -1.009741E-06 -7.821847E-07
acceleration: -6.503379E-05 -6.871434E-05 -3.456986E-05
accel: 0
brake: 1
steer: 0.0062
linkid: A219BS010395
trafficlightid: C119BS010046
turn_signal_lamp: 1