position: 100.7419 1154.868 -0.3608913
orientation: 1.078888 0.9925544 61.83179
enu_velocity: 8.122036E-07 -1.58478E-06 -5.602039E-06
velocity: -9.164837E-07 -1.569662E-06 -5.590193E-06
angularVelocity: 2.061102E-06 -6.850671E-07 -7.677656E-07
acceleration: -2.165874E-05 -0.0001385641 -0.0002395198
accel: 0
brake: 1
steer: 0.0062
linkid: A219BS010395
trafficlightid: C119BS010046
turn_signal_lamp: 1