position: 100.7419 1154.868 -0.3608913
orientation: 1.078888 0.9925547 61.83179
enu_velocity: -3.2496E-06 1.723169E-06 3.868258E-06
velocity: -8.193115E-08 3.750346E-06 3.797476E-06
angularVelocity: -2.542658E-06 1.166736E-07 -8.481261E-07
acceleration: -2.366172E-05 5.660269E-05 -5.806585E-05
accel: 0
brake: 1
steer: 0.0062
linkid: A219BS010395
trafficlightid: C119BS010046
turn_signal_lamp: 1