position: 100.7419 1154.868 -0.3608913
orientation: 1.078888 0.9925549 61.83179
enu_velocity: -2.762802E-06 1.474325E-06 4.109361E-06
velocity: -7.568292E-08 3.208371E-06 4.048974E-06
angularVelocity: -2.263682E-06 1.382032E-07 -8.421981E-07
acceleration: -3.036563E-06 0.0001826905 0.0001629567
accel: 0
brake: 1
steer: 0.0062
linkid: A219BS010395
trafficlightid: C119BS010046
turn_signal_lamp: 1