position: 100.7419 1154.868 -0.3608912
orientation: 1.078888 0.9925553 61.83179
enu_velocity: -1.160757E-06 1.483067E-06 6.581547E-06
velocity: 6.453488E-07 1.847231E-06 6.560097E-06
angularVelocity: -1.09768E-06 7.593056E-07 -8.243741E-07
acceleration: 1.643393E-05 0.0001471945 0.0002258563
accel: 0
brake: 1
steer: 0.0062
linkid: A219BS010395
trafficlightid: C119BS010046
turn_signal_lamp: 1