position: 100.7419 1154.868 -0.3608913
orientation: 1.078888 0.9925552 61.83179
enu_velocity: -4.952225E-07 -1.362796E-06 -2.719607E-07
velocity: -1.430243E-06 -2.123043E-07 -2.92835E-07
angularVelocity: 8.571498E-07 -1.070237E-06 -7.869785E-07
acceleration: -9.050364E-05 -6.651917E-05 -3.705915E-05
accel: 0
brake: 1
steer: 0.0062
linkid: A219BS010395
trafficlightid: C119BS010046
turn_signal_lamp: 1