position: 100.7419 1154.868 -0.3608913
orientation: 1.078888 0.9925552 61.83179
enu_velocity: -5.135373E-07 -1.391213E-06 -2.341492E-07
velocity: -1.464591E-06 -2.08873E-07 -2.556709E-07
angularVelocity: 8.2314E-07 -1.088995E-06 -7.877605E-07
acceleration: -7.670689E-05 -4.269389E-05 -7.336524E-05
accel: 0
brake: 1
steer: 0.0062
linkid: A219BS010395
trafficlightid: C119BS010046
turn_signal_lamp: 1