position: 100.7419 1154.868 -0.3608913
orientation: 1.078888 0.9925552 61.83179
enu_velocity: -5.496717E-07 -1.396847E-06 -2.073251E-07
velocity: -1.487076E-06 -1.79185E-07 -2.297868E-07
angularVelocity: 7.985533E-07 -1.106703E-06 -7.881587E-07
acceleration: -7.667118E-05 -4.262968E-05 -7.337678E-05
accel: 0
brake: 1
steer: 0.0062
linkid: A219BS010395
trafficlightid: C119BS010046
turn_signal_lamp: 1