position: 100.7419 1154.868 -0.3608913
orientation: 1.078888 0.9925552 61.83179
enu_velocity: -5.832767E-07 -1.401676E-06 -1.805155E-07
velocity: -1.507658E-06 -1.513463E-07 -2.038493E-07
angularVelocity: 7.758103E-07 -1.122826E-06 -7.885184E-07
acceleration: -7.66466E-05 -4.266113E-05 -7.337578E-05
accel: 0
brake: 1
steer: 0.0062
linkid: A219BS010395
trafficlightid: C119BS010046
turn_signal_lamp: 1