position: 100.7419 1154.868 -0.3608913
orientation: 1.078888 0.9925552 61.83179
enu_velocity: -6.423717E-07 -1.409674E-06 -1.269058E-07
velocity: -1.543529E-06 -1.020365E-07 -1.517723E-07
angularVelocity: 7.356757E-07 -1.150895E-06 -7.891584E-07
acceleration: -7.659916E-05 -4.271606E-05 -7.337407E-05
accel: 0
brake: 1
steer: 0.0062
linkid: A219BS010395
trafficlightid: C119BS010046
turn_signal_lamp: 1