position: 100.7419 1154.868 -0.3608913
orientation: 1.078888 0.9925552 61.83179
enu_velocity: -7.143457E-07 -1.417912E-06 -4.647833E-08
velocity: -1.586154E-06 -4.098519E-08 -7.320683E-08
angularVelocity: 6.859358E-07 -1.184075E-06 -7.899631E-07
acceleration: -7.654171E-05 -4.278395E-05 -7.337185E-05
accel: 0
brake: 1
steer: 0.0062
linkid: A219BS010395
trafficlightid: C119BS010046
turn_signal_lamp: 1