position: 100.7419 1154.868 -0.3608913
orientation: 1.078888 0.9925552 61.83179
enu_velocity: -7.34267E-07 -1.420013E-06 -1.96712E-08
velocity: -1.597873E-06 -2.391704E-08 -4.691542E-08
angularVelocity: 6.720043E-07 -1.193116E-06 -7.901944E-07
acceleration: -7.652427E-05 -4.280567E-05 -7.337122E-05
accel: 0
brake: 1
steer: 0.0062
linkid: A219BS010395
trafficlightid: C119BS010046
turn_signal_lamp: 1