position: 100.7419 1154.868 -0.3608913
orientation: 1.078888 0.9925552 61.83179
enu_velocity: -7.52738E-07 -1.421792E-06 7.145746E-09
velocity: -1.608624E-06 -7.974506E-09 -2.057622E-08
angularVelocity: 6.59017E-07 -1.20137E-06 -7.904096E-07
acceleration: -7.651373E-05 -4.282134E-05 -7.337052E-05
accel: 0
brake: 1
steer: 0.0062
linkid: A219BS010395
trafficlightid: C119BS010046
turn_signal_lamp: 1