position: 100.7419 1154.868 -0.3608913
orientation: 1.078888 0.9925552 61.83179
enu_velocity: -7.697957E-07 -1.423277E-06 3.395262E-08
velocity: -1.618448E-06 6.861001E-09 5.789794E-09
angularVelocity: 6.469299E-07 -1.208924E-06 -7.90615E-07
acceleration: -7.650161E-05 -4.283632E-05 -7.337007E-05
accel: 0
brake: 1
steer: 0.0062
linkid: A219BS010395
trafficlightid: C119BS010046
turn_signal_lamp: 1