position: 100.7419 1154.868 -0.3608913
orientation: 1.078888 0.9925552 61.83179
enu_velocity: -7.854956E-07 -1.424517E-06 6.076555E-08
velocity: -1.627416E-06 2.061563E-08 3.219708E-08
angularVelocity: 6.357599E-07 -1.215744E-06 -7.908112E-07
acceleration: -7.648979E-05 -4.285166E-05 -7.336951E-05
accel: 0
brake: 1
steer: 0.0062
linkid: A219BS010395
trafficlightid: C119BS010046
turn_signal_lamp: 1