position: 100.7419 1154.868 -0.3608913
orientation: 1.078888 0.9925552 61.83179
enu_velocity: -7.998275E-07 -1.425608E-06 8.75814E-08
velocity: -1.635607E-06 3.323521E-08 5.864211E-08
angularVelocity: 6.255192E-07 -1.221987E-06 -7.909657E-07
acceleration: -7.647974E-05 -4.286693E-05 -7.336893E-05
accel: 0
brake: 1
steer: 0.0062
linkid: A219BS010395
trafficlightid: C119BS010046
turn_signal_lamp: 1