position: 100.7419 1154.868 -0.3608913
orientation: 1.078888 0.9925552 61.83179
enu_velocity: -8.356774E-07 -1.427981E-06 1.680149E-07
velocity: -1.656013E-06 6.522168E-08 1.38146E-07
angularVelocity: 5.994726E-07 -1.237329E-06 -7.913974E-07
acceleration: -7.645204E-05 -4.29025E-05 -7.336812E-05
accel: 0
brake: 1
steer: 0.0062
linkid: A219BS010395
trafficlightid: C119BS010046
turn_signal_lamp: 1