position: 100.7419 1154.868 -0.3608913
orientation: 1.078888 0.9925552 61.83179
enu_velocity: -8.45703E-07 -1.428562E-06 1.94827E-07
velocity: -1.661721E-06 7.428724E-08 1.646972E-07
angularVelocity: 5.92105E-07 -1.24156E-06 -7.915036E-07
acceleration: -7.644547E-05 -4.291471E-05 -7.336784E-05
accel: 0
brake: 1
steer: 0.0062
linkid: A219BS010395
trafficlightid: C119BS010046
turn_signal_lamp: 1