position: 100.7419 1154.868 -0.3608913
orientation: 1.078888 0.9925552 61.83179
enu_velocity: -8.55052E-07 -1.428999E-06 2.216409E-07
velocity: -1.666984E-06 8.28245E-08 1.912679E-07
angularVelocity: 5.851745E-07 -1.245427E-06 -7.916454E-07
acceleration: -7.644038E-05 -4.292108E-05 -7.336758E-05
accel: 0
brake: 1
steer: 0.0062
linkid: A219BS010395
trafficlightid: C119BS010046
turn_signal_lamp: 1