position: 100.7419 1154.868 -0.3608913
orientation: 1.078888 0.9925552 61.83179
enu_velocity: -8.635333E-07 -1.429329E-06 2.484568E-07
velocity: -1.671742E-06 9.064763E-08 2.178628E-07
angularVelocity: 5.788226E-07 -1.248939E-06 -7.91733E-07
acceleration: -7.643233E-05 -4.292911E-05 -7.336724E-05
accel: 0
brake: 1
steer: 0.0062
linkid: A219BS010395
trafficlightid: C119BS010046
turn_signal_lamp: 1