position: 100.7419 1154.868 -0.3608913
orientation: 1.078888 0.9925552 61.83179
enu_velocity: -8.713017E-07 -1.42962E-06 2.752664E-07
velocity: -1.676129E-06 9.786095E-08 2.444693E-07
angularVelocity: 5.729915E-07 -1.252098E-06 -7.918255E-07
acceleration: -7.64283E-05 -4.293746E-05 -7.336714E-05
accel: 0
brake: 1
steer: 0.0062
linkid: A219BS010395
trafficlightid: C119BS010046
turn_signal_lamp: 1