position: 100.7419 1154.868 -0.3608913
orientation: 1.078888 0.9925552 61.83179
enu_velocity: -8.849563E-07 -1.430097E-06 3.288934E-07
velocity: -1.683924E-06 1.106784E-07 2.977374E-07
angularVelocity: 5.6256E-07 -1.257661E-06 -7.920253E-07
acceleration: -7.641919E-05 -4.295409E-05 -7.336665E-05
accel: 0
brake: 1
steer: 0.0062
linkid: A219BS010395
trafficlightid: C119BS010046
turn_signal_lamp: 1