position: 100.7419 1154.868 -0.3608913
orientation: 1.078888 0.9925552 61.83179
enu_velocity: -8.91107E-07 -1.430235E-06 3.557102E-07
velocity: -1.687413E-06 1.165384E-07 3.243922E-07
angularVelocity: 5.578258E-07 -1.260129E-06 -7.920972E-07
acceleration: -7.641566E-05 -4.296046E-05 -7.336604E-05
accel: 0
brake: 1
steer: 0.0062
linkid: A219BS010395
trafficlightid: C119BS010046
turn_signal_lamp: 1