position: 100.7419 1154.868 -0.3608913
orientation: 1.078888 0.9925552 61.83179
enu_velocity: -8.902774E-07 -1.441796E-06 3.823527E-07
velocity: -1.697673E-06 1.108492E-07 3.509728E-07
angularVelocity: 5.630168E-07 -1.268155E-06 -7.92009E-07
acceleration: -7.660703E-05 -4.327485E-05 -7.33683E-05
accel: 0
brake: 1
steer: 0.0062
linkid: A219BS010395
trafficlightid: C119BS010046
turn_signal_lamp: 1