position: 100.7419 1154.868 -0.3608913
orientation: 1.078888 0.9925552 61.83179
enu_velocity: -3.508438E-07 -1.741475E-06 4.043127E-07
velocity: -1.707593E-06 -5.056443E-07 3.843782E-07
angularVelocity: 1.07913E-06 -1.277141E-06 -7.830056E-07
acceleration: -7.656791E-05 -5.158087E-05 -7.320397E-05
accel: 0
brake: 1
steer: 0.0062
linkid: A219BS010395
trafficlightid: C119BS010046
turn_signal_lamp: 1