position: 100.7419 1154.868 -0.3608912
orientation: 1.078888 0.992556 61.83179
enu_velocity: -1.428685E-06 2.479111E-06 8.299711E-07
velocity: 1.496467E-06 2.445461E-06 8.101197E-07
angularVelocity: -1.40202E-06 1.384138E-06 -8.318366E-07
acceleration: 3.861907E-05 -6.34911E-07 -0.000138157
accel: 0
brake: 1
steer: 0.0062
linkid: A219BS010395
trafficlightid: C119BS010046
turn_signal_lamp: 1