position: 100.7419 1154.868 -0.3608912
orientation: 1.078888 0.9925555 61.83179
enu_velocity: 4.986125E-07 -6.733113E-07 -6.561008E-06
velocity: -2.444852E-07 -8.809067E-07 -6.550803E-06
angularVelocity: 1.36633E-06 -1.276079E-07 -7.799605E-07
acceleration: 2.013772E-05 -3.869508E-05 -0.0001202019
accel: 0
brake: 1
steer: 0.0062
linkid: A219BS010395
trafficlightid: C119BS010046
turn_signal_lamp: 1