position: 100.831 1155.035 -0.3741998
orientation: 1.062988 0.3791598 61.8074
enu_velocity: 2.246653 4.151622 0.05526906
velocity: 4.720025 -0.01713228 0.08683867
angularVelocity: -0.0009063315 -0.02628096 -0.001648157
acceleration: 5.210581 -0.01281428 -0.008906036
accel: 0.9826206
brake: 0
steer: -0.0036
linkid: A219BS010395
trafficlightid: C119BS010046
turn_signal_lamp: 1