position: 100.9647 1155.283 -0.3763592
orientation: 1.057617 0.2516349 61.7896
enu_velocity: 3.69855 6.854304 -0.003302864
velocity: 7.788418 -0.01854944 0.03125065
angularVelocity: -6.793579E-05 -0.005200335 -0.001520352
acceleration: 5.337306 -0.004519463 -0.09153576
accel: 1
brake: 0
steer: -0.0019
linkid: A219BS010395
trafficlightid: C119BS010046
turn_signal_lamp: 1