position: 101.1631 1155.652 -0.3770531
orientation: 1.054688 0.2674718 61.74905
enu_velocity: 5.175557 9.539221 -0.03686129
velocity: 10.85276 -0.04355717 0.01460642
angularVelocity: 0.0005447101 0.004884208 -0.005770337
acceleration: 5.279555 -0.007845163 0.006989786
accel: 1
brake: 0
steer: -0.007
linkid: A219BS010395
trafficlightid: C119BS010046
turn_signal_lamp: 1