position: 101.5021 1156.279 -0.3773441
orientation: 1.032745 0.3212252 61.66116
enu_velocity: 7.009509 12.82386 -0.01655135
velocity: 14.61417 -0.08097315 0.06685297
angularVelocity: -0.001744296 0.00313407 -0.008615833
acceleration: 5.191977 -0.06735635 0.1052663
accel: 1
brake: 0
steer: -0.0147
linkid: A219BS010395
trafficlightid: C119BS010046
turn_signal_lamp: 1