position: 101.6659 1156.581 -0.377093
orientation: 1.019165 0.3346052 61.6113
enu_velocity: 7.749093 14.13374 0.004069148
velocity: 16.11807 -0.09554529 0.09991439
angularVelocity: -0.003094683 0.002108781 -0.01180997
acceleration: 5.270354 -0.06769514 0.09938893
accel: 1
brake: 0
steer: -0.0123
linkid: A219BS010395
trafficlightid: C119BS010046
turn_signal_lamp: 1