position: 107.583 1168.759 -0.3374488
orientation: -0.05476901 0.7464717 74.12721
enu_velocity: 2.257774 14.445 0.06636049
velocity: 14.50964 1.778811 0.2571146
angularVelocity: 0.007973579 -0.01022479 0.3181093
acceleration: -0.2529914 1.642244 -0.1126357
accel: 0.04959208
brake: 0
steer: 0.3466
linkid: A219BS010658
trafficlightid: C119BS010046
turn_signal_lamp: 1