position: 104.4576 1180.396 -0.3098839
orientation: 0.968811 0.7829966 134.6082
enu_velocity: -15.14265 13.17897 0.1570603
velocity: 20.01243 1.532507 0.4047254
angularVelocity: 0.02968084 -0.005520741 0.283497
acceleration: 0.2373267 1.006578 -0.04824406
accel: 0.09831385
brake: 0
steer: 0.2652
linkid: A219BS010658
trafficlightid: C119BS010046
turn_signal_lamp: 1