position: 96.382 1185.9 -0.2685505
orientation: 1.404022 0.9390233 151.9732
enu_velocity: -17.91481 9.36007 0.06556307
velocity: 20.20827 0.1651764 0.3928666
angularVelocity: 0.0007794318 -0.001431718 0.0322064
acceleration: -0.1738617 -0.1236894 -0.03990226
accel: 0.01650016
brake: 0
steer: 0.0244
linkid: A219BS010391
trafficlightid: C119BS010007
turn_signal_lamp: 0