position: 88.16709 1190.303 -0.2428879
orientation: 1.250488 2.01018 151.387
enu_velocity: -9.469594 5.265618 -0.1178796
velocity: 10.83224 -0.08189487 0.264095
angularVelocity: 0.001671633 0.01923372 -0.002796489
acceleration: -5.567493 0.008270502 -0.1845774
accel: 0
brake: 0.2987847
steer: -0.0109
linkid: A219BS010391
trafficlightid: C119BS010007
turn_signal_lamp: 0