position: 87.46663 1190.689 -0.2542439
orientation: 1.204376 1.758323 151.2999
enu_velocity: 0.05679309 -0.03019669 0.07170957
velocity: -0.06648704 0.0006786399 0.06970345
angularVelocity: -5.927682E-05 -0.05004913 -0.0002235093
acceleration: 0.05432491 -0.008320261 0.0764227
accel: 0
brake: 1
steer: -0.0066
linkid: A219BS010391
trafficlightid: C119BS010007
turn_signal_lamp: 0