position: 87.46815 1190.688 -0.2570258
orientation: 1.213196 1.542867 151.2918
enu_velocity: -0.00741432 0.003272228 -0.03811078
velocity: 0.009097946 -0.0001107098 -0.0378857
angularVelocity: -8.371007E-05 0.006981456 -0.0001061983
acceleration: 0.007284344 0.001626964 -0.07734261
accel: 0
brake: 1
steer: -0.0061
linkid: A219BS010391
trafficlightid: C119BS010007
turn_signal_lamp: 0