position: 87.4677 1190.688 -0.2579492
orientation: 1.210205 1.606693 151.2912
enu_velocity: -8.744991E-05 -9.269625E-05 0.005588387
velocity: -0.0001245296 0.0002412833 0.005583241
angularVelocity: -8.859707E-05 -0.0003473233 -0.0001179647
acceleration: -0.008092548 -0.0007557324 0.06529173
accel: 0
brake: 1
steer: -0.0063
linkid: A219BS010391
trafficlightid: C119BS010007
turn_signal_lamp: 0