position: 87.4677 1190.688 -0.2577527
orientation: 1.210358 1.602343 151.2906
enu_velocity: 0.00132103 -0.000227597 0.01908389
velocity: -0.0018011 -3.26616E-05 0.01904591
angularVelocity: 0.0001004494 -0.00131776 -0.0001218777
acceleration: -0.004115609 -0.001061686 0.03041071
accel: 0
brake: 1
steer: -0.0064
linkid: A219BS010391
trafficlightid: C119BS010007
turn_signal_lamp: 0