position: 87.46771 1190.688 -0.2576826
orientation: 1.210449 1.600727 151.2904
enu_velocity: 0.001525221 -0.0002561899 0.02073942
velocity: -0.002039557 -7.077685E-05 0.02069664
angularVelocity: 9.98769E-05 -0.001442843 -0.0001236772
acceleration: -0.003023908 -0.0003270339 0.02066057
accel: 0
brake: 1
steer: -0.0064
linkid: A219BS010391
trafficlightid: C119BS010007
turn_signal_lamp: 0