position: 87.46774 1190.688 -0.2575348
orientation: 1.210754 1.597207 151.2901
enu_velocity: 0.001787224 -0.0002837091 0.02199379
velocity: -0.002316164 -0.0001460279 0.02194574
angularVelocity: 0.0001413093 -0.001576313 -0.0001244427
acceleration: -0.001254186 -0.0002817944 0.00146932
accel: 0
brake: 1
steer: -0.0064
linkid: A219BS010391
trafficlightid: C119BS010007
turn_signal_lamp: 0