position: 87.46777 1190.688 -0.2573918
orientation: 1.210999 1.593627 151.2899
enu_velocity: 0.00182296 -0.0003420169 0.02086009
velocity: -0.002342592 -0.0001359585 0.02081051
angularVelocity: 7.417263E-05 -0.001533923 -4.465219E-06
acceleration: 0.001088384 0.0003017253 -0.01287691
accel: 0
brake: 1
steer: -0.0063
linkid: A219BS010391
trafficlightid: C119BS010007
turn_signal_lamp: 0