position: 87.4678 1190.688 -0.2572694
orientation: 1.211151 1.590299 151.2898
enu_velocity: 0.001644005 -0.000326931 0.01768739
velocity: -0.002089195 -0.0001301185 0.01764289
angularVelocity: 7.547461E-05 -0.001385884 -3.146793E-06
acceleration: 0.002186985 2.814527E-05 -0.02590999
accel: 0
brake: 1
steer: -0.0063
linkid: A219BS010391
trafficlightid: C119BS010007
turn_signal_lamp: 0