position: 87.46783 1190.688 -0.2571065
orientation: 1.211456 1.584589 151.2896
enu_velocity: 0.0007307399 -0.0002109365 0.005688544
velocity: -0.0008992525 -4.620582E-05 0.005668088
angularVelocity: 2.762565E-05 -0.0006337751 -2.130915E-06
acceleration: 0.003729098 0.0003670142 -0.03542429
accel: 0
brake: 1
steer: -0.0063
linkid: A219BS010391
trafficlightid: C119BS010007
turn_signal_lamp: 0