position: 87.46783 1190.688 -0.2571003
orientation: 1.211426 1.584017 151.2896
enu_velocity: 0.0005070393 -0.0001918376 0.003234606
velocity: -0.0006260672 -7.256633E-06 0.003219403
angularVelocity: 3.53728E-07 -0.000455017 -2.155827E-06
acceleration: 0.003773924 7.20066E-05 -0.03429874
accel: 0
brake: 1
steer: -0.0063
linkid: A219BS010391
trafficlightid: C119BS010007
turn_signal_lamp: 0