position: 87.46783 1190.688 -0.2571023
orientation: 1.211456 1.583639 151.2896
enu_velocity: 0.0003170288 -0.0001365601 0.0008421196
velocity: -0.0003667958 -1.49198E-05 0.0008328023
angularVelocity: 1.13901E-05 -0.0002871675 -1.557964E-06
acceleration: 0.003610134 -3.549829E-05 -0.03314487
accel: 0
brake: 1
steer: -0.0063
linkid: A219BS010391
trafficlightid: C119BS010007
turn_signal_lamp: 0