position: 87.46783 1190.688 -0.257112
orientation: 1.211456 1.583444 151.2896
enu_velocity: 0.0001322352 -0.0001015367 -0.00132817
velocity: -0.0001279906 -2.641784E-06 -0.001332458
angularVelocity: 4.634174E-06 -0.0001318078 -1.279735E-06
acceleration: 0.003242959 0.0004015464 -0.02879807
accel: 0
brake: 1
steer: -0.0063
linkid: A219BS010391
trafficlightid: C119BS010007
turn_signal_lamp: 0