position: 87.46783 1190.688 -0.2571771
orientation: 1.211487 1.583842 151.2896
enu_velocity: -0.0003421415 1.228919E-05 -0.006489295
velocity: 0.0004852274 1.657518E-05 -0.006480157
angularVelocity: -1.457141E-06 0.0002752522 -3.74293E-07
acceleration: 0.002294754 0.0003200298 -0.01835372
accel: 0
brake: 1
steer: -0.0063
linkid: A219BS010391
trafficlightid: C119BS010007
turn_signal_lamp: 0