position: 87.46783 1190.688 -0.2572402
orientation: 1.211487 1.584754 151.2896
enu_velocity: -0.0005674835 6.163477E-05 -0.008514299
velocity: 0.0007625917 3.886384E-05 -0.00849918
angularVelocity: -1.624733E-05 0.000465736 -1.454082E-07
acceleration: 0.001768215 0.0004136289 -0.01040017
accel: 0
brake: 1
steer: -0.0063
linkid: A219BS010391
trafficlightid: C119BS010007
turn_signal_lamp: 0