position: 87.46783 1190.688 -0.2573094
orientation: 1.211487 1.585981 151.2896
enu_velocity: -0.0006796887 0.0001164432 -0.009406662
velocity: 0.0009121635 2.590794E-05 -0.009387657
angularVelocity: -2.690824E-06 0.0005718534 3.452842E-07
acceleration: 0.0007730342 -0.000336766 -0.002854381
accel: 0
brake: 1
steer: -0.0063
linkid: A219BS010391
trafficlightid: C119BS010007
turn_signal_lamp: 0