position: 87.46782 1190.688 -0.257376
orientation: 1.211426 1.587364 151.2897
enu_velocity: -0.0007249506 0.0001348255 -0.009150716
velocity: 0.0009538095 3.697112E-05 -0.009130619
angularVelocity: -1.217902E-05 0.0006115423 2.954675E-07
acceleration: 5.151873E-05 -0.0003847758 0.003796037
accel: 0
brake: 1
steer: -0.0063
linkid: A219BS010391
trafficlightid: C119BS010007
turn_signal_lamp: 0