position: 87.46782 1190.688 -0.2574338
orientation: 1.211395 1.588739 151.2897
enu_velocity: -0.000693865 0.0001407887 -0.008022816
velocity: 0.0008983675 4.064111E-05 -0.008003633
angularVelocity: -1.782051E-05 0.0005879164 1.541521E-07
acceleration: -0.000473658 -3.695356E-05 0.009616127
accel: 0
brake: 1
steer: -0.0063
linkid: A219BS010391
trafficlightid: C119BS010007
turn_signal_lamp: 0