position: 87.46782 1190.688 -0.2574578
orientation: 1.211365 1.589387 151.2897
enu_velocity: -0.000656677 0.000130809 -0.007218698
velocity: 0.0008387588 4.850671E-05 -0.007200838
angularVelocity: -2.590346E-05 0.0005541865 -5.635229E-08
acceleration: -0.001022358 1.385756E-05 0.01129833
accel: 0
brake: 1
steer: -0.0063
linkid: A219BS010391
trafficlightid: C119BS010007
turn_signal_lamp: 0