position: 87.46782 1190.688 -0.2574781
orientation: 1.211334 1.58998 151.2897
enu_velocity: -0.0006031166 0.000116004 -0.00626495
velocity: 0.0007583029 5.589204E-05 -0.006248892
angularVelocity: -3.441283E-05 0.0005064234 -3.081832E-07
acceleration: -0.001083197 0.0004755897 0.01289542
accel: 0
brake: 1
steer: -0.0063
linkid: A219BS010391
trafficlightid: C119BS010007
turn_signal_lamp: 0