position: 87.46782 1190.688 -0.2575069
orientation: 1.211304 1.590978 151.2898
enu_velocity: -0.0004566485 0.0001071539 -0.004184386
velocity: 0.000567985 3.719909E-05 -0.004171943
angularVelocity: -2.316973E-05 0.0003894225 -3.98587E-07
acceleration: -0.001336744 0.0006936872 0.01575817
accel: 0
brake: 1
steer: -0.0063
linkid: A219BS010391
trafficlightid: C119BS010007
turn_signal_lamp: 0