position: 87.46782 1190.688 -0.2575172
orientation: 1.211243 1.592071 151.2898
enu_velocity: -0.0001260962 6.291087E-05 1.723564E-05
velocity: 0.0001402819 5.843147E-06 2.102248E-05
angularVelocity: -3.066263E-06 0.0001170927 -7.427329E-07
acceleration: -0.001379997 -0.000698866 0.01305541
accel: 0
brake: 1
steer: -0.0063
linkid: A219BS010391
trafficlightid: C119BS010007
turn_signal_lamp: 0