position: 87.46782 1190.688 -0.2575116
orientation: 1.211243 1.592144 151.2898
enu_velocity: -3.704375E-05 5.846089E-05 0.0008854931
velocity: 3.594661E-05 -1.472478E-05 0.0008873438
angularVelocity: 1.274527E-05 4.734726E-05 -6.507577E-07
acceleration: -0.001384215 -0.0009774489 0.01152881
accel: 0
brake: 1
steer: -0.0063
linkid: A219BS010391
trafficlightid: C119BS010007
turn_signal_lamp: 0