position: 87.46782 1190.688 -0.2574799
orientation: 1.211243 1.591967 151.2898
enu_velocity: 0.0001570153 1.114352E-05 0.002939728
velocity: -0.0002139777 -2.314184E-05 0.002936061
angularVelocity: 1.575956E-05 -0.0001197329 -1.012456E-06
acceleration: -0.001148742 -0.0008985102 0.006915581
accel: 0
brake: 1
steer: -0.0063
linkid: A219BS010391
trafficlightid: C119BS010007
turn_signal_lamp: 0