position: 87.46782 1190.688 -0.2574662
orientation: 1.211243 1.591795 151.2898
enu_velocity: 0.0001913653 -9.131831E-06 0.003412548
velocity: -0.0002669547 -1.189223E-05 0.003407459
angularVelocity: 3.405032E-06 -0.0001538082 -1.296778E-06
acceleration: -0.0004650523 0.000552975 0.006679057
accel: 0
brake: 1
steer: -0.0063
linkid: A219BS010391
trafficlightid: C119BS010007
turn_signal_lamp: 0