position: 87.46782 1190.688 -0.2574517
orientation: 1.211243 1.59158 151.2898
enu_velocity: 0.0002456391 -2.784045E-05 0.003698445
velocity: -0.0003314494 -1.554535E-05 0.003691817
angularVelocity: 7.000403E-06 -0.0002023888 -1.353505E-06
acceleration: -0.001053138 -0.0001788099 0.003327767
accel: 0
brake: 1
steer: -0.0063
linkid: A219BS010391
trafficlightid: C119BS010007
turn_signal_lamp: 0