position: 87.46782 1190.688 -0.2574373
orientation: 1.211273 1.591325 151.2898
enu_velocity: 0.0002803989 -3.150396E-05 0.003864166
velocity: -0.000368269 -2.55433E-05 0.003856828
angularVelocity: 1.483079E-05 -0.0002295435 -1.295131E-06
acceleration: -0.0005264682 -6.924485E-05 0.002010679
accel: 0
brake: 1
steer: -0.0063
linkid: A219BS010391
trafficlightid: C119BS010007
turn_signal_lamp: 0