position: 87.46782 1190.688 -0.2574224
orientation: 1.211273 1.591058 151.2897
enu_velocity: 0.0002902561 -3.492011E-05 0.003969419
velocity: -0.0003814559 -2.506297E-05 0.00396177
angularVelocity: 1.427752E-05 -0.0002383022 -1.332598E-06
acceleration: -0.0003019599 -0.0001208107 0.0005827469
accel: 0
brake: 1
steer: -0.0063
linkid: A219BS010391
trafficlightid: C119BS010007
turn_signal_lamp: 0