position: 87.46782 1190.688 -0.2574081
orientation: 1.211304 1.590771 151.2897
enu_velocity: 0.0003023788 -5.3515E-05 0.003931392
velocity: -0.0003999377 -1.53945E-05 0.003923003
angularVelocity: 5.999813E-06 -0.0002544111 -1.506504E-06
acceleration: -0.0002387136 0.0001052349 -0.0009785339
accel: 0
brake: 1
steer: -0.0063
linkid: A219BS010391
trafficlightid: C119BS010007
turn_signal_lamp: 0