position: 87.46782 1190.688 -0.2573944
orientation: 1.211273 1.59048 151.2897
enu_velocity: 0.0002955392 -7.134051E-05 0.003826943
velocity: -0.0003995821 1.311855E-06 0.003818148
angularVelocity: -7.734401E-06 -0.0002559995 -1.744951E-06
acceleration: -8.832662E-05 0.0001521909 -0.001429773
accel: 0
brake: 1
steer: -0.0063
linkid: A219BS010391
trafficlightid: C119BS010007
turn_signal_lamp: 0