position: 87.46782 1190.688 -0.2573822
orientation: 1.211273 1.590183 151.2897
enu_velocity: 0.0002967468 -7.698018E-05 0.003570292
velocity: -0.000396207 2.515153E-07 0.003561459
angularVelocity: -6.784685E-06 -0.000258273 -1.730507E-06
acceleration: 0.0001225802 0.0004505084 -0.00247295
accel: 0
brake: 1
steer: -0.0063
linkid: A219BS010391
trafficlightid: C119BS010007
turn_signal_lamp: 0