position: 87.46782 1190.688 -0.2573428
orientation: 1.211273 1.588968 151.2897
enu_velocity: 0.000175466 -6.480765E-05 0.00163106
velocity: -0.0002301833 6.9132E-06 0.001625519
angularVelocity: -8.063507E-06 -0.0001587456 -1.519538E-06
acceleration: 0.0004721934 2.69389E-05 -0.006397539
accel: 0
brake: 1
steer: -0.0063
linkid: A219BS010391
trafficlightid: C119BS010007
turn_signal_lamp: 0