position: 87.46782 1190.688 -0.2573768
orientation: 1.211334 1.588896 151.2896
enu_velocity: -0.0001250172 1.324752E-05 -0.001682444
velocity: 0.0001626174 1.294094E-05 -0.00167923
angularVelocity: -7.028037E-06 0.0001020651 -8.603615E-07
acceleration: 0.000221296 0.0001467417 -0.001494267
accel: 0
brake: 1
steer: -0.0063
linkid: A219BS010391
trafficlightid: C119BS010007
turn_signal_lamp: 0