position: 87.46782 1190.688 -0.2573894
orientation: 1.211365 1.589136 151.2897
enu_velocity: -0.0001194138 3.736798E-05 -0.001682031
velocity: 0.0001692829 -1.088884E-05 -0.001678127
angularVelocity: 1.321561E-05 0.0001072235 -5.081806E-07
acceleration: -0.0001318993 -0.0001803329 8.903497E-05
accel: 0
brake: 1
steer: -0.0063
linkid: A219BS010391
trafficlightid: C119BS010007
turn_signal_lamp: 0