position: 87.46782 1190.688 -0.2573951
orientation: 1.211334 1.58926 151.2897
enu_velocity: -0.0001412071 1.273238E-05 -0.00156224
velocity: 0.000173241 2.371605E-05 -0.001558885
angularVelocity: -1.672698E-05 0.0001135697 -9.917237E-07
acceleration: 0.0002584146 0.0004887868 0.002401087
accel: 0
brake: 1
steer: -0.0063
linkid: A219BS010391
trafficlightid: C119BS010007
turn_signal_lamp: 0