position: 87.46782 1190.688 -0.2574117
orientation: 1.211334 1.589712 151.2897
enu_velocity: -0.0001095976 1.443686E-05 -0.00101233
velocity: 0.0001311034 1.864584E-05 -0.001009701
angularVelocity: -1.240393E-05 8.921069E-05 -9.83952E-07
acceleration: -0.0001240692 -0.0002913426 0.001886487
accel: 0
brake: 1
steer: -0.0063
linkid: A219BS010391
trafficlightid: C119BS010007
turn_signal_lamp: 0