position: 87.46782 1190.688 -0.2574155
orientation: 1.211304 1.589882 151.2897
enu_velocity: -7.730434E-05 1.429975E-05 -0.0005984139
velocity: 9.124416E-05 1.198673E-05 -0.0005964985
angularVelocity: -8.246585E-06 6.42239E-05 -9.669213E-07
acceleration: -0.0002221112 0.0001755274 0.00207605
accel: 0
brake: 1
steer: -0.0063
linkid: A219BS010391
trafficlightid: C119BS010007
turn_signal_lamp: 0