position: 87.46782 1190.688 -0.2574161
orientation: 1.211273 1.590029 151.2897
enu_velocity: -3.869407E-05 -2.853149E-06 -2.658151E-05
velocity: 3.329144E-05 2.054299E-05 -2.610773E-05
angularVelocity: -1.650191E-05 2.744272E-05 -1.195201E-06
acceleration: -0.0003133245 0.0002042195 0.00272313
accel: 0
brake: 1
steer: -0.0063
linkid: A219BS010391
trafficlightid: C119BS010007
turn_signal_lamp: 0