position: 87.46782 1190.688 -0.2574094
orientation: 1.211273 1.590039 151.2897
enu_velocity: 2.195973E-05 -9.938257E-06 0.0005218388
velocity: -3.85048E-05 9.180785E-06 0.0005208934
angularVelocity: -8.326851E-06 -2.148588E-05 -1.172544E-06
acceleration: -0.0002957962 0.0003686555 0.002046934
accel: 0
brake: 1
steer: -0.0063
linkid: A219BS010391
trafficlightid: C119BS010007
turn_signal_lamp: 0