position: 87.46782 1190.688 -0.2574042
orientation: 1.211273 1.589974 151.2897
enu_velocity: 3.658725E-05 3.902608E-06 0.0006797264
velocity: -4.9063E-05 -6.648274E-06 0.0006789186
angularVelocity: 5.283597E-06 -2.701597E-05 -9.72318E-07
acceleration: 8.604812E-05 -0.0002305446 0.001577802
accel: 0
brake: 1
steer: -0.0063
linkid: A219BS010391
trafficlightid: C119BS010007
turn_signal_lamp: 0