position: 87.46782 1190.688 -0.2573913
orientation: 1.211334 1.589734 151.2897
enu_velocity: 5.839116E-05 -3.264063E-06 0.0006490842
velocity: -7.076746E-05 -1.149627E-05 0.0006477579
angularVelocity: 8.854153E-06 -4.582811E-05 -9.518509E-07
acceleration: 8.594025E-05 0.0001566015 -0.0004799182
accel: 0
brake: 1
steer: -0.0063
linkid: A219BS010391
trafficlightid: C119BS010007
turn_signal_lamp: 0