position: 87.46782 1190.688 -0.2573837
orientation: 1.211334 1.58951 151.2897
enu_velocity: 3.867368E-05 -1.457005E-05 0.0002937257
velocity: -4.905011E-05 3.849236E-07 0.0002925349
angularVelocity: 4.220856E-07 -3.498342E-05 -1.06971E-06
acceleration: -0.0001310946 -0.0003536826 -0.001984683
accel: 0
brake: 1
steer: -0.0063
linkid: A219BS010391
trafficlightid: C119BS010007
turn_signal_lamp: 0