position: 87.46782 1190.688 -0.2573841
orientation: 1.211304 1.589409 151.2897
enu_velocity: 1.599234E-05 -1.485839E-05 -9.449079E-05
velocity: -1.853491E-05 3.338906E-06 -9.51333E-05
angularVelocity: -1.371187E-06 -1.734024E-05 -1.053832E-06
acceleration: -0.0001416575 -0.0002880013 -0.001312664
accel: 0
brake: 1
steer: -0.0063
linkid: A219BS010391
trafficlightid: C119BS010007
turn_signal_lamp: 0