position: 87.46782 1190.688 -0.25739
orientation: 1.211304 1.589471 151.2897
enu_velocity: -2.910017E-05 1.100796E-06 -0.000291289
velocity: 3.412112E-05 6.870679E-06 -0.0002906645
angularVelocity: -4.115032E-06 2.291742E-05 -1.009432E-06
acceleration: 0.0001992861 -0.0002107989 -0.0003298374
accel: 0
brake: 1
steer: -0.0063
linkid: A219BS010391
trafficlightid: C119BS010007
turn_signal_lamp: 0