position: 87.46782 1190.688 -0.2573911
orientation: 1.211304 1.589491 151.2897
enu_velocity: -2.39822E-05 -9.840864E-06 -0.000292961
velocity: 2.442641E-05 1.396599E-05 -0.0002927566
angularVelocity: -1.053532E-05 1.4586E-05 -1.124696E-06
acceleration: -0.0002299531 0.0002046737 0.0003251049
accel: 0
brake: 1
steer: -0.0063
linkid: A219BS010391
trafficlightid: C119BS010007
turn_signal_lamp: 0