position: 87.46782 1190.688 -0.2573929
orientation: 1.211304 1.589544 151.2897
enu_velocity: -3.316539E-05 -1.584841E-06 -0.0002866389
velocity: 3.626694E-05 1.127767E-05 -0.0002860451
angularVelocity: -8.630721E-06 2.478596E-05 -1.070682E-06
acceleration: 8.451752E-05 0.0003989518 -0.0001079641
accel: 0
brake: 1
steer: -0.0063
linkid: A219BS010391
trafficlightid: C119BS010007
turn_signal_lamp: 0