position: 87.46782 1190.688 -0.2573964
orientation: 1.211334 1.589671 151.2897
enu_velocity: -4.519426E-06 -1.177671E-05 0.0001246648
velocity: -5.151238E-06 1.513054E-05 0.0001242777
angularVelocity: -1.296847E-05 -1.458835E-06 -1.202841E-06
acceleration: -1.764426E-05 0.0006619938 0.001538507
accel: 0
brake: 1
steer: -0.0063
linkid: A219BS010391
trafficlightid: C119BS010007
turn_signal_lamp: 0