position: 87.46782 1190.688 -0.2573942
orientation: 1.211304 1.589631 151.2897
enu_velocity: 1.662831E-05 2.062352E-06 0.0001228978
velocity: -1.699735E-05 -7.205488E-06 0.0001226531
angularVelocity: 6.565001E-06 -1.162511E-05 -9.06786E-07
acceleration: -2.130116E-05 -1.147238E-05 0.0001274042
accel: 0
brake: 1
steer: -0.0063
linkid: A219BS010391
trafficlightid: C119BS010007
turn_signal_lamp: 0