position: 87.46782 1190.688 -0.2573922
orientation: 1.211273 1.589583 151.2897
enu_velocity: 8.396104E-06 -1.733714E-06 9.989335E-05
velocity: -1.096461E-05 -4.061562E-07 9.965839E-05
angularVelocity: 1.32382E-06 -6.904903E-06 -9.899828E-07
acceleration: 0.0001326322 -0.0002706336 -0.0001601326
accel: 0
brake: 1
steer: -0.0063
linkid: A219BS010391
trafficlightid: C119BS010007
turn_signal_lamp: 0