position: 87.46782 1190.688 -0.2573915
orientation: 1.211273 1.589548 151.2897
enu_velocity: -3.066384E-06 -1.647379E-06 -9.516245E-06
velocity: 2.161275E-06 2.717256E-06 -9.519501E-06
angularVelocity: -1.851628E-06 1.942651E-06 -1.01512E-06
acceleration: 0.0002147773 0.0002741015 0.0003194548
accel: 0
brake: 1
steer: -0.0063
linkid: A219BS010391
trafficlightid: C119BS010007
turn_signal_lamp: 0