position: 87.46782 1190.688 -0.2573924
orientation: 1.211273 1.58955 151.2897
enu_velocity: -2.089538E-06 3.316988E-06 -5.016123E-05
velocity: 4.816191E-06 -2.962948E-06 -4.999543E-05
angularVelocity: 3.222932E-06 3.343795E-06 -9.30505E-07
acceleration: 0.0003020164 7.233857E-05 0.0006632722
accel: 0
brake: 1
steer: -0.0063
linkid: A219BS010391
trafficlightid: C119BS010007
turn_signal_lamp: 0