position: 87.46782 1190.688 -0.2573928
orientation: 1.211273 1.589567 151.2897
enu_velocity: -1.813615E-05 1.134563E-06 -4.26617E-05
velocity: 1.762859E-05 6.82364E-06 -4.234264E-05
angularVelocity: -4.907186E-06 1.429679E-05 -1.041884E-06
acceleration: 0.0003413924 6.818688E-05 0.0001449289
accel: 0
brake: 1
steer: -0.0063
linkid: A219BS010391
trafficlightid: C119BS010007
turn_signal_lamp: 0