position: 87.46782 1190.688 -0.2573933
orientation: 1.211273 1.589612 151.2897
enu_velocity: 3.549409E-06 5.457117E-06 -3.008606E-05
velocity: 3.432451E-07 -7.125878E-06 -2.994417E-05
angularVelocity: 7.430583E-06 -3.405114E-07 -8.700654E-07
acceleration: -0.0001381875 -0.0004950677 -0.0001874746
accel: 0
brake: 1
steer: -0.0063
linkid: A219BS010391
trafficlightid: C119BS010007
turn_signal_lamp: 0