position: 87.46782 1190.688 -0.2573929
orientation: 1.211273 1.58962 151.2897
enu_velocity: -2.807094E-06 -1.125882E-05 1.912421E-05
velocity: -3.475927E-06 1.162301E-05 1.879361E-05
angularVelocity: -9.429345E-06 -2.409128E-06 -1.146573E-06
acceleration: -0.0002324497 0.0003893885 -0.0001675544
accel: 0
brake: 1
steer: -0.0063
linkid: A219BS010391
trafficlightid: C119BS010007
turn_signal_lamp: 0