position: 87.46782 1190.688 -0.2573929
orientation: 1.211273 1.589617 151.2897
enu_velocity: -3.095857E-06 -6.167711E-06 1.132113E-05
velocity: -5.615639E-07 7.134186E-06 1.116159E-05
angularVelocity: -5.679746E-06 9.056316E-08 -1.0819E-06
acceleration: 0.0001669534 0.0003774566 -0.0002386022
accel: 0
brake: 1
steer: -0.0063
linkid: A219BS010391
trafficlightid: C119BS010007
turn_signal_lamp: 0