position: 87.46782 1190.688 -0.2573931
orientation: 1.211273 1.589602 151.2897
enu_velocity: 8.825262E-06 8.930672E-06 2.262218E-06
velocity: -3.511575E-06 -1.202375E-05 2.420353E-06
angularVelocity: 1.158558E-05 -2.931386E-06 -8.084832E-07
acceleration: -8.709374E-05 -0.0005622407 -0.001182634
accel: 0
brake: 1
steer: -0.0063
linkid: A219BS010391
trafficlightid: C119BS010007
turn_signal_lamp: 0