position: 87.46782 1190.688 -0.257393
orientation: 1.211273 1.589594 151.2897
enu_velocity: 1.737998E-05 -1.95269E-06 -2.203703E-05
velocity: -1.556378E-05 -7.11007E-06 -2.233211E-05
angularVelocity: 7.264314E-06 -1.353432E-05 -8.987524E-07
acceleration: -0.0002309046 -0.0003577318 -0.0009771812
accel: 0
brake: 1
steer: -0.0063
linkid: A219BS010391
trafficlightid: C119BS010007
turn_signal_lamp: 0