position: 87.46782 1190.688 -0.2573926
orientation: 1.211304 1.589594 151.2897
enu_velocity: 1.488755E-05 1.288892E-05 -7.273689E-06
velocity: -6.661247E-06 -1.860967E-05 -7.069517E-06
angularVelocity: 1.642043E-05 -5.8522E-06 -7.259366E-07
acceleration: -0.0001853627 -0.0001476605 -0.0001621218
accel: 0
brake: 1
steer: -0.0063
linkid: A219BS010391
trafficlightid: C119BS010007
turn_signal_lamp: 0