position: 87.46782 1190.688 -0.2573926
orientation: 1.211334 1.589593 151.2897
enu_velocity: 7.883223E-06 4.908252E-06 2.782238E-06
velocity: -4.631647E-06 -8.033856E-06 2.825246E-06
angularVelocity: 7.983723E-06 -3.924734E-06 -8.674263E-07
acceleration: -0.0002810839 -0.0004010942 0.000211814
accel: 0
brake: 1
steer: -0.0063
linkid: A219BS010391
trafficlightid: C119BS010007
turn_signal_lamp: 0