position: 87.46782 1190.688 -0.2573926
orientation: 1.211334 1.589592 151.2897
enu_velocity: -4.512768E-06 3.479067E-06 -2.677004E-06
velocity: 5.701341E-06 -9.365706E-07 -2.500578E-06
angularVelocity: 1.19091E-06 5.075491E-06 -9.607181E-07
acceleration: 0.0003166544 0.0002339834 0.0004565001
accel: 0
brake: 1
steer: -0.0063
linkid: A219BS010391
trafficlightid: C119BS010007
turn_signal_lamp: 0