position: 87.46782 1190.688 -0.2573926
orientation: 1.211334 1.589601 151.2897
enu_velocity: -1.035E-05 -1.038577E-05 2.969426E-06
velocity: 4.004487E-06 1.41429E-05 2.783338E-06
angularVelocity: -1.129608E-05 3.6039E-06 -1.16811E-06
acceleration: -0.0001220549 0.0002252589 8.79641E-05
accel: 0
brake: 1
steer: -0.0063
linkid: A219BS010391
trafficlightid: C119BS010007
turn_signal_lamp: 0