position: 87.46782 1190.688 -0.2573924
orientation: 1.211304 1.589614 151.2897
enu_velocity: -1.224686E-05 -3.703393E-07 -9.896938E-07
velocity: 1.058671E-05 6.191871E-06 -8.273601E-07
angularVelocity: -4.715857E-06 9.183846E-06 -1.04719E-06
acceleration: 0.0002184184 0.0002305405 0.000478192
accel: 0
brake: 1
steer: -0.0063
linkid: A219BS010391
trafficlightid: C119BS010007
turn_signal_lamp: 0