position: 87.46782 1190.688 -0.2573926
orientation: 1.211273 1.589612 151.2897
enu_velocity: 3.174791E-06 -1.096481E-06 -3.11622E-05
velocity: -2.445485E-06 -1.223742E-06 -3.122317E-05
angularVelocity: 2.279958E-06 -2.539206E-06 -9.591101E-07
acceleration: 1.776908E-05 -0.000292949 -0.0004907398
accel: 0
brake: 1
steer: -0.0063
linkid: A219BS010391
trafficlightid: C119BS010007
turn_signal_lamp: 0