position: 87.46782 1190.688 -0.2573929
orientation: 1.211273 1.589604 151.2897
enu_velocity: -5.49207E-06 -4.246118E-06 -5.373399E-06
velocity: 2.925105E-06 6.24905E-06 -5.427606E-06
angularVelocity: -4.513407E-06 2.428983E-06 -1.057637E-06
acceleration: -0.0001532846 7.01722E-05 -0.0004058763
accel: 0
brake: 1
steer: -0.0063
linkid: A219BS010391
trafficlightid: C119BS010007
turn_signal_lamp: 0