position: 87.46782 1190.688 -0.2573929
orientation: 1.211273 1.589603 151.2897
enu_velocity: -5.182641E-06 -4.807617E-06 1.798588E-05
velocity: 1.7362E-06 7.086086E-06 1.789519E-05
angularVelocity: -5.32138E-06 2.170228E-06 -1.074018E-06
acceleration: 0.0001918016 0.0001157451 0.000862848
accel: 0
brake: 1
steer: -0.0063
linkid: A219BS010391
trafficlightid: C119BS010007
turn_signal_lamp: 0