position: 87.46782 1190.688 -0.2573931
orientation: 1.211273 1.589596 151.2897
enu_velocity: 6.757636E-06 -6.98031E-06 -8.048862E-07
velocity: -9.254164E-06 2.85281E-06 -1.122563E-06
angularVelocity: -1.849274E-06 -7.760163E-06 -1.032157E-06
acceleration: -0.0003001774 0.0002219166 0.0002160245
accel: 0
brake: 1
steer: -0.0063
linkid: A219BS010391
trafficlightid: C119BS010007
turn_signal_lamp: 0