position: 87.46782 1190.688 -0.2573932
orientation: 1.211273 1.589592 151.2897
enu_velocity: 3.00575E-06 -9.104008E-06 -4.382143E-06
velocity: -6.885364E-06 6.442679E-06 -4.71215E-06
angularVelocity: -4.342393E-06 -5.859371E-06 -1.073222E-06
acceleration: -0.0003165012 -0.0001315398 -0.0008445387
accel: 0
brake: 1
steer: -0.0063
linkid: A219BS010391
trafficlightid: C119BS010007
turn_signal_lamp: 0