position: 87.46782 1190.688 -0.2573926
orientation: 1.211273 1.589612 151.2897
enu_velocity: -6.746015E-06 4.042425E-06 1.153007E-05
velocity: 7.535692E-06 -5.646416E-08 1.174745E-05
angularVelocity: 6.891451E-07 6.826936E-06 -9.642777E-07
acceleration: 0.0002078805 4.119357E-05 0.0008028734
accel: 0
brake: 1
steer: -0.0063
linkid: A219BS010391
trafficlightid: C119BS010007
turn_signal_lamp: 0