position: 87.46782 1190.688 -0.2573925
orientation: 1.211304 1.589613 151.2897
enu_velocity: -6.209206E-06 -9.508887E-06 3.052798E-05
velocity: 3.075002E-08 1.196573E-05 3.029441E-05
angularVelocity: -9.437055E-06 1.036748E-06 -1.145677E-06
acceleration: 0.0001768298 0.0001343526 0.001187618
accel: 0
brake: 1
steer: -0.0063
linkid: A219BS010391
trafficlightid: C119BS010007
turn_signal_lamp: 0