position: 87.46782 1190.688 -0.2573924
orientation: 1.211273 1.589613 151.2897
enu_velocity: 2.002416E-06 5.450655E-06 -1.133467E-05
velocity: 1.176255E-06 -5.980201E-06 -1.118247E-05
angularVelocity: 6.052285E-06 8.93644E-07 -8.887409E-07
acceleration: 8.862138E-05 -0.0002075946 -0.0006285041
accel: 0
brake: 1
steer: -0.0063
linkid: A219BS010391
trafficlightid: C119BS010007
turn_signal_lamp: 0