position: 87.46782 1190.688 -0.2573923
orientation: 1.211273 1.589614 151.2897
enu_velocity: -6.375027E-06 -4.919185E-06 2.132383E-05
velocity: 2.635418E-06 7.827708E-06 2.124445E-05
angularVelocity: -6.183602E-06 2.934471E-06 -1.083082E-06
acceleration: 9.778864E-05 0.000290914 0.0005704494
accel: 0
brake: 1
steer: -0.0063
linkid: A219BS010391
trafficlightid: C119BS010007
turn_signal_lamp: 0