position: 87.46782 1190.688 -0.2573925
orientation: 1.211304 1.58962 151.2897
enu_velocity: -5.658628E-06 -4.303939E-06 -3.250722E-06
velocity: 2.984483E-06 6.424667E-06 -3.305703E-06
angularVelocity: -4.776268E-06 2.4903E-06 -1.059745E-06
acceleration: -0.0002158227 0.0001771499 -0.0002271293
accel: 0
brake: 1
steer: -0.0063
linkid: A219BS010391
trafficlightid: C119BS010007
turn_signal_lamp: 0