position: 87.46782 1190.688 -0.2573925
orientation: 1.211304 1.589622 151.2897
enu_velocity: -4.312375E-06 4.710915E-06 6.188704E-06
velocity: 5.871244E-06 -1.925385E-06 6.396152E-06
angularVelocity: 2.11056E-06 5.345167E-06 -9.428765E-07
acceleration: 0.0002426377 0.0001566414 0.0009790923
accel: 0
brake: 1
steer: -0.0063
linkid: A219BS010391
trafficlightid: C119BS010007
turn_signal_lamp: 0