position: 87.46782 1190.688 -0.2573926
orientation: 1.211304 1.58962 151.2897
enu_velocity: -4.085037E-06 -4.973302E-06 5.81517E-07
velocity: 1.177147E-06 6.335834E-06 4.805781E-07
angularVelocity: -4.972329E-06 1.250111E-06 -1.066375E-06
acceleration: 5.479471E-05 0.0003423883 0.000359344
accel: 0
brake: 1
steer: -0.0063
linkid: A219BS010391
trafficlightid: C119BS010007
turn_signal_lamp: 0