position: 87.46782 1190.688 -0.2573929
orientation: 1.211334 1.589606 151.2897
enu_velocity: -4.83518E-06 -1.498881E-05 1.045793E-05
velocity: -3.248575E-06 1.568462E-05 1.004248E-05
angularVelocity: -1.322786E-05 -2.188626E-06 -1.209963E-06
acceleration: -9.650248E-07 0.0006790474 0.0005346008
accel: 0
brake: 1
steer: -0.0063
linkid: A219BS010391
trafficlightid: C119BS010007
turn_signal_lamp: 0