position: 87.46782 1190.688 -0.2573929
orientation: 1.211304 1.589602 151.2897
enu_velocity: -8.348577E-06 -1.921936E-06 6.115225E-06
velocity: 6.226837E-06 5.827861E-06 6.168559E-06
angularVelocity: -4.518616E-06 5.661924E-06 -1.053607E-06
acceleration: 0.0001866927 0.0003210524 0.0003335728
accel: 0
brake: 1
steer: -0.0063
linkid: A219BS010391
trafficlightid: C119BS010007
turn_signal_lamp: 0