position: 87.46782 1190.688 -0.2573925
orientation: 1.211304 1.589614 151.2897
enu_velocity: -1.10396E-05 -7.131752E-06 1.354612E-05
velocity: 5.87824E-06 1.184553E-05 1.346706E-05
angularVelocity: -8.995252E-06 5.455066E-06 -1.129584E-06
acceleration: 1.645691E-05 -6.628589E-05 0.0005438679
accel: 0
brake: 1
steer: -0.0063
linkid: A219BS010391
trafficlightid: C119BS010007
turn_signal_lamp: 0