position: 87.46782 1190.688 -0.2573926
orientation: 1.211273 1.589615 151.2897
enu_velocity: -7.210931E-06 -6.537924E-06 -3.2575E-06
velocity: 3.272858E-06 9.129126E-06 -3.361662E-06
angularVelocity: -6.819505E-06 2.885825E-06 -1.098299E-06
acceleration: 2.519082E-06 3.215209E-05 -0.0008518449
accel: 0
brake: 1
steer: -0.0063
linkid: A219BS010391
trafficlightid: C119BS010007
turn_signal_lamp: 0