position: 87.46782 1190.688 -0.2573929
orientation: 1.211273 1.589602 151.2897
enu_velocity: 6.965998E-06 -1.077331E-07 8.107772E-07
velocity: -6.181469E-06 -3.237604E-06 7.081466E-07
angularVelocity: 3.621376E-06 -5.087038E-06 -9.39958E-07
acceleration: -8.830088E-05 -0.0001018707 -9.315741E-05
accel: 0
brake: 1
steer: -0.0063
linkid: A219BS010391
trafficlightid: C119BS010007
turn_signal_lamp: 0