position: 87.46782 1190.688 -0.257393
orientation: 1.211273 1.5896 151.2897
enu_velocity: -8.120797E-06 2.952288E-06 9.497798E-06
velocity: 8.273892E-06 1.517165E-06 9.701158E-06
angularVelocity: -7.078461E-07 7.492829E-06 -9.879097E-07
acceleration: 0.00033332 0.0001046822 0.0002026977
accel: 0
brake: 1
steer: -0.0063
linkid: A219BS010391
trafficlightid: C119BS010007
turn_signal_lamp: 0