position: 87.46782 1190.688 -0.2573929
orientation: 1.211273 1.5896 151.2897
enu_velocity: -8.294663E-06 -6.538545E-07 4.159545E-06
velocity: 6.842749E-06 4.649034E-06 4.253712E-06
angularVelocity: -3.636851E-06 6.374456E-06 -1.0373E-06
acceleration: 0.0005429375 0.0003503585 0.0009119037
accel: 0
brake: 1
steer: -0.0063
linkid: A219BS010391
trafficlightid: C119BS010007
turn_signal_lamp: 0