position: 87.46782 1190.688 -0.2573928
orientation: 1.211273 1.589602 151.2897
enu_velocity: -8.693256E-06 -6.791055E-06 1.640731E-05
velocity: 3.905383E-06 1.047924E-05 1.630413E-05
angularVelocity: -8.321653E-06 4.016771E-06 -1.118949E-06
acceleration: 0.0002457016 0.0002288408 0.0006842559
accel: 0
brake: 1
steer: -0.0063
linkid: A219BS010391
trafficlightid: C119BS010007
turn_signal_lamp: 0