position: 87.46782 1190.688 -0.2573926
orientation: 1.211273 1.589608 151.2897
enu_velocity: -1.02682E-05 -8.133923E-06 1.762503E-05
velocity: 4.607552E-06 1.243932E-05 1.750064E-05
angularVelocity: -1.015278E-05 4.584975E-06 -1.145556E-06
acceleration: 0.0001555162 0.0003940591 0.0003918092
accel: 0
brake: 1
steer: -0.0063
linkid: A219BS010391
trafficlightid: C119BS010007
turn_signal_lamp: 0