position: 87.46782 1190.688 -0.2573927
orientation: 1.211273 1.589606 151.2897
enu_velocity: 6.102476E-06 6.681953E-06 4.738739E-06
velocity: -2.272977E-06 -8.691146E-06 4.862297E-06
angularVelocity: 8.312962E-06 -1.757913E-06 -8.557847E-07
acceleration: -5.446107E-05 -0.0002376872 0.0006617482
accel: 0
brake: 1
steer: -0.0063
linkid: A219BS010391
trafficlightid: C119BS010007
turn_signal_lamp: 0