position: 87.46782 1190.688 -0.2573929
orientation: 1.211273 1.589597 151.2897
enu_velocity: -6.060086E-06 -4.472374E-06 1.655724E-05
velocity: 2.706092E-06 7.183897E-06 1.649053E-05
angularVelocity: -6.416227E-06 3.134177E-06 -1.084965E-06
acceleration: 0.0004201953 0.0008292754 0.001265945
accel: 0
brake: 1
steer: -0.0063
linkid: A219BS010391
trafficlightid: C119BS010007
turn_signal_lamp: 0