position: 87.46782 1190.688 -0.2573926
orientation: 1.211273 1.589602 151.2897
enu_velocity: -8.707958E-06 1.630576E-06 7.155476E-06
velocity: 8.218963E-06 2.908557E-06 7.326466E-06
angularVelocity: -1.43582E-06 7.24334E-06 -1.000613E-06
acceleration: 0.0001064325 -0.0001533117 -0.0005476173
accel: 0
brake: 1
steer: -0.0063
linkid: A219BS010391
trafficlightid: C119BS010007
turn_signal_lamp: 0