position: 87.46782 1190.688 -0.2573927
orientation: 1.211273 1.589605 151.2897
enu_velocity: -1.056722E-05 -3.903813E-06 -9.310847E-07
velocity: 7.415743E-06 8.482937E-06 -9.051741E-07
angularVelocity: -6.272961E-06 6.649888E-06 -1.083912E-06
acceleration: 0.0003719641 1.401815E-06 0.0003286877
accel: 0
brake: 1
steer: -0.0063
linkid: A219BS010391
trafficlightid: C119BS010007
turn_signal_lamp: 0