position: 87.46782 1190.688 -0.2573929
orientation: 1.211273 1.589602 151.2897
enu_velocity: -6.57284E-06 -7.652694E-06 1.489663E-05
velocity: 1.674517E-06 1.018314E-05 1.473686E-05
angularVelocity: -8.116742E-06 2.022593E-06 -1.117837E-06
acceleration: 9.918623E-05 0.0002894592 0.0005707781
accel: 0
brake: 1
steer: -0.0063
linkid: A219BS010391
trafficlightid: C119BS010007
turn_signal_lamp: 0