position: 87.46782 1190.688 -0.2573929
orientation: 1.211273 1.589605 151.2897
enu_velocity: -4.896146E-06 4.085033E-06 5.100166E-06
velocity: 6.1127E-06 -1.119082E-06 5.296603E-06
angularVelocity: 1.761996E-06 5.559904E-06 -9.509243E-07
acceleration: 0.000310377 -8.623325E-05 0.0005073695
accel: 0
brake: 1
steer: -0.0063
linkid: A219BS010391
trafficlightid: C119BS010007
turn_signal_lamp: 0