position: 87.46782 1190.688 -0.2573929
orientation: 1.211273 1.589601 151.2897
enu_velocity: -6.3979E-06 -7.717455E-06 2.133598E-05
velocity: 1.311418E-06 1.029187E-05 2.116776E-05
angularVelocity: -8.159845E-06 1.88089E-06 -1.120463E-06
acceleration: 0.0001532267 0.0002401509 0.0004219154
accel: 0
brake: 1
steer: -0.0063
linkid: A219BS010391
trafficlightid: C119BS010007
turn_signal_lamp: 0