position: 87.46782 1190.688 -0.2573931
orientation: 1.211273 1.589596 151.2897
enu_velocity: -4.836288E-06 -1.007151E-05 1.24266E-05
velocity: -9.409423E-07 1.141632E-05 1.216666E-05
angularVelocity: -9.718095E-06 -1.010571E-07 -1.146671E-06
acceleration: 0.000213249 0.0006806792 0.001576844
accel: 0
brake: 1
steer: -0.0063
linkid: A219BS010391
trafficlightid: C119BS010007
turn_signal_lamp: 0