position: 87.46782 1190.688 -0.2573928
orientation: 1.211273 1.589602 151.2897
enu_velocity: -3.359492E-06 -1.149927E-05 1.835084E-05
velocity: -3.085632E-06 1.208303E-05 1.802088E-05
angularVelocity: -1.036456E-05 -2.029643E-06 -1.156891E-06
acceleration: -0.0001627048 0.0007344239 0.0007139868
accel: 0
brake: 1
steer: -0.0063
linkid: A219BS010391
trafficlightid: C119BS010007
turn_signal_lamp: 0