position: 87.46782 1190.688 -0.2573929
orientation: 1.211273 1.589599 151.2897
enu_velocity: 7.007117E-06 -5.150535E-06 -1.09729E-05
velocity: -8.312176E-06 9.140554E-07 -1.122963E-05
angularVelocity: -2.646721E-08 -7.137598E-06 -1.002827E-06
acceleration: -0.0002013904 5.197506E-05 0.0001629651
accel: 0
brake: 1
steer: -0.0063
linkid: A219BS010391
trafficlightid: C119BS010007
turn_signal_lamp: 0