position: 87.46782 1190.688 -0.2573933
orientation: 1.211304 1.589593 151.2897
enu_velocity: 6.041613E-06 3.440958E-06 -3.542022E-05
velocity: -2.661919E-06 -6.6695E-06 -3.537464E-05
angularVelocity: 6.872454E-06 -3.000458E-06 -8.839856E-07
acceleration: -0.0001801113 -0.000326624 -0.001543883
accel: 0
brake: 1
steer: -0.0063
linkid: A219BS010391
trafficlightid: C119BS010007
turn_signal_lamp: 0