position: 87.46782 1190.688 -0.2573926
orientation: 1.211304 1.589614 151.2897
enu_velocity: -8.47811E-06 -5.008079E-06 -2.555944E-06
velocity: 5.098986E-06 8.412161E-06 -2.593834E-06
angularVelocity: -6.550688E-06 4.354638E-06 -1.084649E-06
acceleration: -0.0001042205 0.0002471101 -0.0008478307
accel: 0
brake: 1
steer: -0.0063
linkid: A219BS010391
trafficlightid: C119BS010007
turn_signal_lamp: 0