position: 87.46782 1190.688 -0.2573926
orientation: 1.211273 1.589609 151.2897
enu_velocity: 5.172854E-06 -1.151422E-06 -2.228735E-05
velocity: -4.469807E-06 -1.948691E-06 -2.238378E-05
angularVelocity: 2.976151E-06 -4.02464E-06 -9.525044E-07
acceleration: 6.513303E-05 -0.0003794969 -0.0003450588
accel: 0
brake: 1
steer: -0.0063
linkid: A219BS010391
trafficlightid: C119BS010007
turn_signal_lamp: 0