position: 87.46782 1190.688 -0.2573929
orientation: 1.211273 1.589599 151.2897
enu_velocity: 6.917701E-06 1.361352E-07 -1.330769E-06
velocity: -5.962615E-06 -3.473407E-06 -1.423642E-06
angularVelocity: 3.818338E-06 -4.949817E-06 -9.361328E-07
acceleration: -8.86583E-05 -9.946022E-05 -9.333991E-05
accel: 0
brake: 1
steer: -0.0063
linkid: A219BS010391
trafficlightid: C119BS010007
turn_signal_lamp: 0