position: 87.46782 1190.688 -0.2573931
orientation: 1.211273 1.589592 151.2897
enu_velocity: -6.17271E-06 -7.835237E-06 1.600949E-05
velocity: 1.205191E-06 1.01743E-05 1.583756E-05
angularVelocity: -8.954941E-06 1.899371E-06 -1.131114E-06
acceleration: 0.0004382585 0.0008798831 0.0006775922
accel: 0
brake: 1
steer: -0.0063
linkid: A219BS010391
trafficlightid: C119BS010007
turn_signal_lamp: 0