position: 87.46782 1190.688 -0.2573934
orientation: 1.211273 1.589586 151.2897
enu_velocity: 3.929335E-06 1.635417E-06 -2.881453E-05
velocity: -1.8603E-06 -3.931637E-06 -2.880057E-05
angularVelocity: 4.852796E-06 -2.110898E-06 -9.192431E-07
acceleration: -8.495449E-05 -0.0005195797 -0.001230572
accel: 0
brake: 1
steer: -0.0063
linkid: A219BS010391
trafficlightid: C119BS010007
turn_signal_lamp: 0