position: 87.46782 1190.688 -0.2573935
orientation: 1.211273 1.589588 151.2897
enu_velocity: 3.750395E-06 1.24739E-05 -2.04401E-05
velocity: 3.26888E-06 -1.316946E-05 -2.008335E-05
angularVelocity: 1.257561E-05 2.264952E-06 -7.796985E-07
acceleration: -9.335583E-05 -0.0005930356 -0.0006019894
accel: 0
brake: 1
steer: -0.0063
linkid: A219BS010391
trafficlightid: C119BS010007
turn_signal_lamp: 0