position: 87.46782 1190.688 -0.2573933
orientation: 1.211273 1.589581 151.2897
enu_velocity: -7.85669E-06 -1.230119E-05 1.183642E-05
velocity: 6.528007E-07 1.481052E-05 1.154859E-05
angularVelocity: -1.201225E-05 1.216799E-06 -1.188173E-06
acceleration: 0.000204938 0.000325752 0.0005177262
accel: 0
brake: 1
steer: -0.0063
linkid: A219BS010391
trafficlightid: C119BS010007
turn_signal_lamp: 0