position: 87.46782 1190.688 -0.2573929
orientation: 1.211273 1.589591 151.2897
enu_velocity: -9.421007E-06 4.675292E-06 1.365043E-05
velocity: 1.0126E-05 7.196827E-07 1.392459E-05
angularVelocity: 2.230472E-07 8.891513E-06 -9.675807E-07
acceleration: 9.345476E-06 -4.551911E-05 -0.0002299282
accel: 0
brake: 1
steer: -0.0063
linkid: A219BS010391
trafficlightid: C119BS010007
turn_signal_lamp: 0