position: 87.46782 1190.688 -0.2573929
orientation: 1.211273 1.589594 151.2897
enu_velocity: -1.008416E-05 -1.968122E-05 1.117922E-05
velocity: -9.199703E-07 2.233678E-05 1.06882E-05
angularVelocity: -1.827305E-05 -3.076366E-07 -1.291692E-06
acceleration: -0.0001721667 0.000362882 -0.0003460337
accel: 0
brake: 1
steer: -0.0063
linkid: A219BS010391
trafficlightid: C119BS010007
turn_signal_lamp: 0