position: 87.46782 1190.688 -0.2573931
orientation: 1.211273 1.589591 151.2897
enu_velocity: -7.531246E-06 -2.6457E-06 1.999721E-05
velocity: 4.77763E-06 6.362674E-06 2.000746E-05
angularVelocity: -5.491234E-06 4.893698E-06 -1.068332E-06
acceleration: 0.0003872641 0.0006433418 0.001141802
accel: 0
brake: 1
steer: -0.0063
linkid: A219BS010391
trafficlightid: C119BS010007
turn_signal_lamp: 0