position: 87.46782 1190.688 -0.2573929
orientation: 1.211273 1.589601 151.2897
enu_velocity: -6.872452E-06 -8.9477E-06 1.950452E-06
velocity: 1.674466E-06 1.118881E-05 1.761542E-06
angularVelocity: -1.006261E-05 1.813183E-06 -1.141764E-06
acceleration: 0.0001257656 0.001069921 0.0009393354
accel: 0
brake: 1
steer: -0.0063
linkid: A219BS010391
trafficlightid: C119BS010007
turn_signal_lamp: 0