position: 87.46782 1190.688 -0.2573931
orientation: 1.211304 1.589597 151.2897
enu_velocity: 6.702723E-06 1.077893E-05 -9.888545E-06
velocity: -4.261055E-07 -1.288017E-05 -9.634049E-06
angularVelocity: 1.117149E-05 -3.735031E-07 -8.021316E-07
acceleration: 0.0001780111 0.0002132886 0.001067498
accel: 0
brake: 1
steer: -0.0063
linkid: A219BS010391
trafficlightid: C119BS010007
turn_signal_lamp: 0