position: 87.46782 1190.688 -0.2573928
orientation: 1.211273 1.589605 151.2897
enu_velocity: -6.343023E-06 -5.506787E-06 2.331288E-05
velocity: 2.270021E-06 8.369429E-06 2.321312E-05
angularVelocity: -6.818721E-06 2.614076E-06 -1.093149E-06
acceleration: -1.388486E-06 0.0004161461 0.0008677861
accel: 0
brake: 1
steer: -0.0063
linkid: A219BS010391
trafficlightid: C119BS010007
turn_signal_lamp: 0