position: 87.46782 1190.688 -0.2573929
orientation: 1.211273 1.589594 151.2897
enu_velocity: -8.780797E-06 -1.614842E-05 1.070339E-05
velocity: -3.530149E-07 1.860329E-05 1.030676E-05
angularVelocity: -1.50332E-05 1.557446E-07 -1.237144E-06
acceleration: -0.0001139565 0.0002509745 -0.0005232416
accel: 0
brake: 1
steer: -0.0063
linkid: A219BS010391
trafficlightid: C119BS010007
turn_signal_lamp: 0