position: 87.46782 1190.688 -0.2573931
orientation: 1.211273 1.589587 151.2897
enu_velocity: -7.691951E-06 -3.293233E-06 2.397118E-05
velocity: 4.497344E-06 7.091532E-06 2.396066E-05
angularVelocity: -6.282137E-06 4.683827E-06 -1.078101E-06
acceleration: 0.0002784659 0.0007697695 0.00143826
accel: 0
brake: 1
steer: -0.0063
linkid: A219BS010391
trafficlightid: C119BS010007
turn_signal_lamp: 0