position: 87.46782 1190.688 -0.2573926
orientation: 1.211334 1.589609 151.2897
enu_velocity: 5.815395E-06 8.431163E-07 -1.660464E-05
velocity: -4.233005E-06 -3.885926E-06 -1.665007E-05
angularVelocity: 3.623847E-06 -3.875007E-06 -9.323721E-07
acceleration: -0.0002012706 0.0002905083 0.0001859912
accel: 0
brake: 1
steer: -0.0063
linkid: A219BS010391
trafficlightid: C119BS010007
turn_signal_lamp: 0