position: 87.46782 1190.688 -0.2573929
orientation: 1.211304 1.589603 151.2897
enu_velocity: 1.651014E-06 -6.061866E-06 -1.197483E-05
velocity: -4.026185E-06 4.266885E-06 -1.218409E-05
angularVelocity: -2.499338E-06 -3.345059E-06 -1.043191E-06
acceleration: 0.0001118954 -0.000156736 0.0002376317
accel: 0
brake: 1
steer: -0.0063
linkid: A219BS010391
trafficlightid: C119BS010007
turn_signal_lamp: 0