position: 87.46782 1190.688 -0.2573928
orientation: 1.211273 1.589611 151.2897
enu_velocity: -6.757428E-06 -5.552783E-06 2.694399E-06
velocity: 3.183213E-06 8.1733E-06 2.61158E-06
angularVelocity: -6.538914E-06 3.095205E-06 -1.091072E-06
acceleration: 0.000221994 0.0003640419 0.0002644938
accel: 0
brake: 1
steer: -0.0063
linkid: A219BS010391
trafficlightid: C119BS010007
turn_signal_lamp: 0