position: 87.46782 1190.688 -0.2573928
orientation: 1.211273 1.589612 151.2897
enu_velocity: 5.43536E-06 1.049515E-05 -5.651787E-06
velocity: 4.312205E-07 -1.193255E-05 -5.390954E-06
angularVelocity: 1.150905E-05 2.367719E-07 -8.017896E-07
acceleration: -4.684192E-05 -0.0005679608 -0.00065082
accel: 0
brake: 1
steer: -0.0063
linkid: A219BS010391
trafficlightid: C119BS010007
turn_signal_lamp: 0