position: 87.46782 1190.688 -0.2573928
orientation: 1.211304 1.589609 151.2897
enu_velocity: 1.755229E-05 2.119554E-05 -3.099177E-05
velocity: -4.350728E-06 -2.767348E-05 -3.054625E-05
angularVelocity: 2.514025E-05 -4.483065E-06 -5.881091E-07
acceleration: -0.0001402997 -0.0009505671 -0.001053406
accel: 0
brake: 1
steer: -0.0063
linkid: A219BS010391
trafficlightid: C119BS010007
turn_signal_lamp: 0