position: 87.46782 1190.688 -0.2573931
orientation: 1.211304 1.589601 151.2897
enu_velocity: 5.660457E-06 -7.428219E-06 -6.629332E-06
velocity: -8.345758E-06 3.649871E-06 -6.942195E-06
angularVelocity: -2.455922E-06 -6.977877E-06 -1.04353E-06
acceleration: -0.0001037146 0.0001740235 0.0005454427
accel: 0
brake: 1
steer: -0.0063
linkid: A219BS010391
trafficlightid: C119BS010007
turn_signal_lamp: 0