position: 87.46782 1190.688 -0.2573925
orientation: 1.211273 1.589609 151.2897
enu_velocity: 1.010722E-06 -1.399849E-06 9.258692E-06
velocity: -1.815165E-06 9.367859E-07 9.194135E-06
angularVelocity: 2.445381E-07 -1.2817E-06 -9.896322E-07
acceleration: -0.0001519156 -0.0001581807 -0.0006184159
accel: 0
brake: 1
steer: -0.0063
linkid: A219BS010391
trafficlightid: C119BS010007
turn_signal_lamp: 0