position: 18.98363 1109.158 -0.2560948
orientation: 1.542053 0.9890445 61.07137
enu_velocity: 19.41036 34.99339 -0.06009256
velocity: 40.01127 -0.04440117 0.6320687
angularVelocity: -0.001674847 -0.007728944 -0.0006451973
acceleration: 0.03997477 0.0009232834 0.02313826
accel: 0.02714597
brake: 0
steer: -0.0001
linkid: A219BS010380
trafficlightid: null
turn_signal_lamp: 0