position: 87.46782 1190.688 -0.2573925
orientation: 1.211304 1.589613 151.2897
enu_velocity: 4.637435E-06 -6.64644E-06 1.437732E-05
velocity: -7.656176E-06 3.900339E-06 1.409109E-05
angularVelocity: -3.099712E-06 -6.002697E-06 -1.047249E-06
acceleration: -0.0001628596 0.0004485401 0.0004545382
accel: 0
brake: 1
steer: -0.0063
linkid: A219BS010391
trafficlightid: C119BS010007
turn_signal_lamp: 0