position: 86.96676 1190.963 -0.273404
orientation: 1.068939 0.9178503 151.2028
enu_velocity: -7.735116 4.280969 -0.08173378
velocity: 8.840882 -0.02432156 0.06035867
angularVelocity: -0.01037318 0.007458561 -0.004274064
acceleration: 5.39497 0.008952141 -0.1020661
accel: 1
brake: 0
steer: -0.0065
linkid: A219BS010391
trafficlightid: C119BS010007
turn_signal_lamp: 0