position: 86.876 1191.013 -0.2739809
orientation: 1.048706 0.9350395 151.1942
enu_velocity: -8.411378 4.653615 -0.09865685
velocity: 9.613177 -0.023736 0.05867057
angularVelocity: -0.007692476 0.007195905 -0.003835819
acceleration: 5.3601 -0.02537727 -0.004244715
accel: 1
brake: 0
steer: -0.0093
linkid: A219BS010391
trafficlightid: C119BS010007
turn_signal_lamp: 0