position: 86.49976 1191.221 -0.2769713
orientation: 1.017731 0.9760289 151.145
enu_velocity: -10.73312 5.97559 -0.09770723
velocity: 12.28421 -0.05193806 0.1124995
angularVelocity: -2.224138E-05 0.002984871 -0.005462517
acceleration: 5.272552 -0.0638876 0.1608164
accel: 1
brake: 0
steer: -0.0074
linkid: A219BS010391
trafficlightid: C119BS010007
turn_signal_lamp: 0