position: 86.31109 1191.325 -0.2782379
orientation: 1.019073 0.9832377 151.1285
enu_velocity: -11.71669 6.540346 -0.07983928
velocity: 13.41774 -0.06736422 0.1516519
angularVelocity: 9.895745E-05 0.001205604 -0.005041553
acceleration: 5.272582 -0.0949955 0.1799683
accel: 1
brake: 0
steer: -0.0089
linkid: A219BS010391
trafficlightid: C119BS010007
turn_signal_lamp: 0