position: 85.38956 1191.837 -0.293509
orientation: 0.9546814 0.7478963 151.0524
enu_velocity: -15.75687 8.785631 -0.2267161
velocity: 18.04201 -0.0613451 0.009808257
angularVelocity: -0.0161286 -0.02788076 -0.005905703
acceleration: 5.371305 0.01414895 -0.002849337
accel: 1
brake: 0
steer: -0.0057
linkid: A219BS010391
trafficlightid: C119BS010007
turn_signal_lamp: 0