position: 76.79513 1196.635 -0.3151921
orientation: 0.5164185 0.5358006 150.8033
enu_velocity: -22.20598 12.41014 -0.002033179
velocity: 25.43741 0.0009880066 0.2358518
angularVelocity: -0.01042246 0.03099538 -0.0009436273
acceleration: 1.242081 0.01393074 0.3239257
accel: 0.2741401
brake: 0
steer: 0.0003
linkid: A219BS010653
trafficlightid: C119BS010007
turn_signal_lamp: 0