position: 67.14041 1202.029 -0.2955277
orientation: -0.0003970278 1.124439 150.7825
enu_velocity: -27.20626 15.17796 -0.3699291
velocity: 31.15492 0.03316402 0.2414989
angularVelocity: 0.02301884 0.03894156 0.001659606
acceleration: 0.8414858 -0.3279628 1.214186
accel: 0.2284057
brake: 0
steer: 0.0004
linkid: A219BS010653
trafficlightid: C119BS010007
turn_signal_lamp: 0