position: 65.61501 1202.887 -0.2962071
orientation: 0.7001953 1.254533 150.8165
enu_velocity: -27.76656 15.59635 -0.01824661
velocity: 31.83962 -0.06909275 0.6799076
angularVelocity: 0.01712226 -0.05643439 4.889548E-05
acceleration: 1.020042 0.1461481 -0.2212486
accel: 0.2175265
brake: 0
steer: 0.0003
linkid: A219BS010653
trafficlightid: C119BS010007
turn_signal_lamp: 0