position: 21.46269 1113.628 -0.2575196
orientation: 1.460724 0.9910685 61.07449
enu_velocity: 19.40378 34.99741 -0.008884707
velocity: 40.0107 -0.03844643 0.6844667
angularVelocity: 0.0006627959 -0.001409196 9.245696E-05
acceleration: -0.1989623 -0.003612794 -0.03176834
accel: 0.0243595
brake: 0
steer: 0.0001
linkid: A219BS010380
trafficlightid: null
turn_signal_lamp: 0