position: 57.50977 1207.414 -0.3085385
orientation: 0.5473328 1.197759 150.891
enu_velocity: -30.39598 16.91365 -0.1038036
velocity: 34.77944 0.01538181 0.6232196
angularVelocity: 0.00566549 0.01786467 0.009734388
acceleration: 0.662477 0.2504835 0.08411089
accel: 0.151756
brake: 0
steer: 0.0065
linkid: A219BS010653
trafficlightid: C119BS010007
turn_signal_lamp: 2