position: 27.71221 1124.904 -0.2652298
orientation: 1.464325 0.9492438 61.09454
enu_velocity: 19.37774 35.00496 0.003382169
velocity: 40.00499 -0.02640533 0.6671155
angularVelocity: -0.007491171 -0.004559163 0.00101429
acceleration: 0.05822157 0.02734282 -0.0006343278
accel: 0.02935996
brake: 0
steer: 0.0002
linkid: A219BS010380
trafficlightid: null
turn_signal_lamp: 2