position: 27.92757 1125.293 -0.2653797
orientation: 1.447601 0.9419715 61.09581
enu_velocity: 19.38167 35.01037 0.005477516
velocity: 40.01166 -0.02836609 0.6642781
angularVelocity: -0.007794557 -0.001711548 0.0004443953
acceleration: 0.03829619 0.001908619 0.0363012
accel: 0.02722805
brake: 0
steer: -0.0002
linkid: A219BS010380
trafficlightid: null
turn_signal_lamp: 2